0 0.001041
1 3.75E-4
2 5.83E-4
3 0.388791
4 0.001625
5 0.001583
6 0.001625
7 0.00275
8 0.003333
9 0.003292
10 0.003917
11 0.005208
12 0.006667
13 0.0065
14 0.008125
15 0.013709
16 0.010417
17 0.00975
18 0.010708
19 0.01375
20 0.013125
21 0.015542
22 0.0165
23 0.017375
24 0.018125
25 0.028291
26 0.021583
27 0.025875
28 0.02725
29 0.027041
30 0.029083
31 0.033959
32 0.033292
33 0.036042
34 0.038667
35 0.0385
36 0.042667
37 0.04675
38 0.046042
39 0.051041
40 0.051708
41 0.054042
42 0.05775
43 0.060458
44 0.063791
45 0.068
46 0.070584
47 0.071625
48 0.076708
49 0.079625
50 0.081209
51 0.089583
52 0.090541
53 0.093125
54 0.101083
55 0.100583
56 0.103708
57 0.1125
58 0.109375
59 0.11375
60 0.056417
61 0.061583
62 0.026958
63 0.052
64 0.025709
65 0.025208
66 0.026333
67 0.027166
68 0.044041
69 0.027833
70 0.028791
71 0.030583
72 0.030833
73 0.032
74 0.042459
75 0.03275
76 0.033084
77 0.034292
78 0.035208
79 0.036292
80 0.038708
81 0.038834
82 0.03875
83 0.041
84 0.042042
85 0.042
86 0.043541
87 0.044417
88 0.04375
89 0.045959
90 0.047709
91 0.047792
92 0.04825
93 0.049584
94 0.049417
95 0.05125
96 0.053166
97 0.054
98 0.056083
99 0.055208
100 0.058917
101 0.05675
102 0.05875
103 0.060166
104 0.060208
105 0.246834
106 0.0875
107 0.085542
108 0.084167
109 0.088583
110 0.086167
111 0.08525
112 0.084667
113 0.086583
114 0.085875
115 0.086875
116 0.090458
117 0.114916
118 0.092042
119 0.091625
120 0.09575
121 0.09525
122 0.091459
123 0.041625
124 0.04175
125 0.042083
126 0.044875
127 0.042666
128 0.045959
129 0.046
130 0.045459
131 0.045917
132 0.046541
133 0.047875
134 0.048458
135 0.048209
136 0.048333
137 0.052417
138 0.0525
139 0.052875
140 0.055583
141 0.054
142 0.059333
143 0.0545
144 0.052292
145 0.053875
146 0.054917
147 0.056459
148 0.056583
149 0.057667
150 0.057792
151 0.057917
152 0.06025
153 0.060375
154 0.060167
155 0.062125
156 0.071209
157 0.064041
158 0.065208
159 0.066
160 0.067041
161 0.071167
162 0.065708
163 0.06525
164 0.079625
165 0.070458
166 0.070041
167 0.072
168 0.069125
169 0.076375
170 0.076333
171 0.074875
172 0.084708
173 0.075917
174 0.076
175 0.077084
176 0.081459
177 0.077042
178 0.075583
179 0.076084
180 0.079167
181 0.079417
182 0.077708
183 0.080292
184 0.085875
185 0.0865
186 0.091542
187 0.089833
188 0.08375
189 0.085
190 0.083042
191 0.08825
192 0.089833
193 0.090291
194 0.091083
195 0.09225
196 0.094833
197 0.093625
198 0.092583
199 0.089792
200 0.0905
201 0.095292
202 0.098541
203 0.098791
204 0.105334
205 0.098666
206 0.096292
207 0.099416
208 0.101833
209 0.099541
210 0.1075
211 0.110417
212 0.109917
213 0.103625
214 0.109042
215 0.099625
216 0.104291
217 0.107083
218 0.116584
219 0.117209
220 0.114709
221 0.106917
222 0.112083
223 0.115417
224 0.116625
225 0.117917
226 0.12325
227 0.114
228 0.110666
229 0.120458
230 0.117125
231 0.127958
232 0.120625
233 0.119625
234 0.119916
235 0.125416
236 0.128875
237 0.131917
238 0.124625
239 0.125042
240 0.125667
241 0.131584
242 0.132167
243 0.142333
244 0.128334
245 0.127875
246 0.130834
247 0.1355
248 0.143292
249 0.134084
250 0.129792
251 0.136459
252 0.183625
253 0.135583
254 0.141209
255 0.143208
256 0.148584
257 0.143833
258 0.143916
259 0.148084
260 0.148708
261 0.155959
262 0.1585
263 0.147
264 0.1525
265 0.15775
266 0.154917
267 0.155708
268 0.149958
269 0.156708
270 0.161792
271 0.170959
272 0.151375
273 0.160292
274 0.167708
275 0.172458
276 0.158583
277 0.160625
278 0.167583
279 0.1725
280 0.161
281 0.170708
282 0.17725
283 0.178833
284 0.166042
285 0.169333
286 0.170667
287 0.1785
288 0.17975
289 0.178042
290 0.179542
291 0.185291
292 0.174208
293 0.184416
294 0.189334
295 0.17875
296 0.184459
297 0.200542
298 0.1855
299 0.179625
300 0.188666
301 0.19725
302 0.183625
303 0.188333
304 0.226667
305 0.228042
306 0.214334
307 0.192167
308 0.196792
309 0.197417
310 0.20575
311 0.215333
312 0.230916
313 0.197459
314 0.210917
315 0.200667
316 0.208042
317 0.2075
318 0.197833
319 0.21775
320 0.212375
321 0.204167
322 0.220333
323 0.217916
324 0.207916
325 0.216709
326 0.222958
327 0.214667
328 0.225292
329 0.221959
330 0.22
331 0.226042
332 0.2275
333 0.220167
334 0.235292
335 0.226083
336 0.233
337 0.230125
338 0.223666
339 0.238292
340 0.233625
341 0.235166
342 0.24625
343 0.229667
344 0.239875
345 0.248042
346 0.23475
347 0.242333
348 0.232083
349 0.243917
350 0.2475
351 0.237709
352 0.247916
353 0.239458
354 0.252
355 0.246583
356 0.249375
357 0.261709
358 0.246458
359 0.263666
360 0.242708
361 0.26925
362 0.25075
363 0.265459
364 0.252708
365 0.268459
366 0.261625
367 0.268334
368 0.307
369 0.273833
370 0.26475
371 0.2755
372 0.264208
373 0.276666
374 0.2705
375 0.28625
376 0.26575
377 0.274958
378 0.283542
379 0.279208
380 0.272625
381 0.282291
382 0.276333
383 0.288792
384 0.279167
385 0.29725
386 0.277291
387 0.296209
388 0.2805
389 0.298084
390 0.288834
391 0.297042
392 0.287708
393 0.305583
394 0.298708
395 0.297834
396 0.305583
397 0.296792
398 0.300875
399 0.300125
400 0.310084
401 0.301542
402 0.315958
403 0.310375
404 0.317125
405 0.308708
406 0.32125
407 0.317167
408 0.313834
409 0.336625
410 0.318292
411 0.340667
412 0.319417
413 0.318958
414 0.32475
415 0.319166
416 0.335292
417 0.316125
418 0.332083
419 0.331875
420 0.325625
421 0.334917
422 0.324084
423 0.339542
424 0.335125
425 0.346417
426 0.346917
427 0.335291
428 0.344125
429 0.345542
430 0.340792
431 0.357625
432 0.357959
433 0.345542
434 0.362958
435 0.354
436 0.359375
437 0.366041
438 0.358167
439 0.364709
440 0.367209
441 0.352125
442 0.36125
443 0.362
444 0.364083
445 0.364125
446 0.380917
447 0.364292
448 0.38025
449 0.384958
450 0.364458
451 0.383291
452 0.385166
453 0.36975
454 0.37875
455 0.38
456 0.380125
457 0.371958
458 0.389542
459 0.377792
460 0.369459
461 0.393167
462 0.393625
463 0.395
464 0.3775
465 0.399333
466 0.39775
467 0.386917
468 0.394208
469 0.407833
470 0.404125
471 0.387125
472 0.393333
473 0.407125
474 0.405208
475 0.403917
476 0.400916
477 0.416208
478 0.414584
479 0.402666
480 0.410917
481 0.415417
482 0.412
483 0.422625
484 0.426833
485 0.425833
486 0.463417
487 0.446375
488 0.425792
489 0.42675
490 0.433833
491 0.439458
492 0.47725
493 0.458375
494 0.461375
495 0.440542
496 0.433458
497 0.431542
498 0.436917
499 0.452375
500 0.466833
501 0.443667
502 0.432334
503 0.400709
504 0.396708
505 0.392083
506 0.416625
507 0.403583
508 0.404959
509 0.411417
510 0.398958
511 0.417333
512 0.408583
513 0.416375
514 0.401
515 0.413708
516 0.531125
517 0.419834
518 0.413083
519 0.410667
520 0.424417
521 0.412542
522 0.4175
523 0.416
524 0.429666
525 0.426
526 0.431583
527 0.427625
528 0.430667
529 0.423041
530 0.4385
531 0.431125
532 0.43425
533 0.428292
534 0.447584
535 0.436625
536 0.43675
537 0.440167
538 0.448875
539 0.442083
540 0.444959
541 0.446959
542 0.44925
543 0.443084
544 0.453625
545 0.454
546 0.456792
547 0.462583
548 0.458708
549 0.484667
550 0.464125
551 0.479416
552 0.463167
553 0.4525
554 0.4685
555 0.474292
556 0.465875
557 0.475458
558 0.475
559 0.473583
560 0.481083
561 0.491625
562 0.483208
563 0.486041
564 0.477541
565 0.490458
566 0.477833
567 0.491875
568 0.488875
569 0.505125
570 0.473875
571 0.488333
572 0.508209
573 0.512541
574 0.492083
575 0.4895
576 0.494
577 0.505959
578 0.494458
579 0.50125
580 0.526666
581 0.505167
582 0.51
583 0.509708
584 0.520125
585 0.515625
586 0.538833
587 0.534208
588 0.52
589 0.517541
590 0.527208
591 0.5345
592 0.54125
593 0.531333
594 0.53525
595 0.530583
596 0.523333
597 0.530583
598 0.529792
599 0.534667
600 0.528375
601 0.531416
602 0.55
603 0.550375
604 0.546042
605 0.537708
606 0.542833
607 0.542583
608 0.545
609 0.551042
610 0.546542
611 0.548417
612 0.562458
613 0.548791
614 0.553875
615 0.56925
616 0.571917
617 0.558666
618 0.56275
619 0.559375
620 0.580458
621 0.555167
622 0.551417
623 0.569666
624 0.582375
625 0.575041
626 0.578625
627 0.582209
628 0.581541
629 0.57525
630 0.583083
631 0.593958
632 0.590125
633 0.594917
634 0.584625
635 0.5885
636 0.608375
637 0.602209
638 0.636958
639 0.604709
640 0.593375
641 0.608042
642 0.612416
643 0.610208
644 0.611042
645 0.609042
646 0.621542
647 0.589583
648 0.601333
649 0.6
650 0.602041
651 0.610333
652 0.610459
653 0.618416
654 0.624708
655 0.610459
656 0.667334
657 0.619208
658 0.621083
659 0.618959
660 0.64175
661 0.639375
662 0.644541
663 0.632083
664 0.652
665 0.636042
666 0.641916
667 0.639417
668 0.650292
669 0.6355
670 0.640958
671 0.646458
672 0.64825
673 0.653834
674 0.652625
675 0.648417
676 0.653958
677 0.656917
678 0.67075
679 0.672
680 0.685167
681 0.664834
682 0.679167
683 0.658916
684 0.660875
685 0.661917
686 0.67925
687 0.66525
688 0.66725
689 0.696375
690 0.677417
691 0.672375
692 0.669709
693 0.696541
694 0.665334
695 0.687791
696 0.693584
697 0.681541
698 0.685041
699 0.692792
700 0.692
701 0.7
702 0.723792
703 0.6855
704 0.706
705 0.696792
706 0.708625
707 0.705916
708 0.703916
709 0.705541
710 0.724708
711 0.712
712 0.716916
713 0.72375
714 0.734917
715 0.721292
716 0.733791
717 0.725333
718 0.7255
719 0.7305
720 0.722208
721 0.734458
722 0.73275
723 0.75925
724 0.748959
725 0.734583
726 0.743542
727 0.76375
728 0.725458
729 0.752125
730 0.751375
731 0.747042
732 0.762334
733 0.761417
734 0.768875
735 0.75625
736 0.756458
737 0.764416
738 0.76025
739 0.758458
740 0.776625
741 0.771458
742 0.765292
743 0.760292
744 0.819959
745 0.771792
746 0.765416
747 0.771708
748 0.79375
749 0.76875
750 0.783292
751 0.776166
752 0.798041
753 0.784209
754 0.797917
755 0.80675
756 0.803792
757 0.787208
758 0.791833
759 0.792541
760 0.8015
761 0.7925
762 0.790416
763 0.839625
764 0.820208
765 0.805833
766 0.793583
767 0.817833
768 0.81775
769 0.804459
770 0.816583
771 0.82275
772 0.818959
773 0.822042
774 0.818667
775 0.828167
776 0.819333
777 0.832291
778 0.8195
779 0.83625
780 0.838209
781 0.845209
782 0.894792
783 0.835333
784 0.854541
785 0.840125
786 0.836375
787 0.853417
788 0.864709
789 0.846917
790 0.865
791 0.867584
792 0.856875
793 0.854291
794 0.867375
795 0.880417
796 0.86325
797 0.8645
798 0.84825
799 0.869
800 0.901041
801 0.8615
802 0.88225
803 0.887875
804 0.906292
805 0.904583
806 0.892584
807 0.881042
808 0.891167
809 0.898417
810 0.893792
811 0.909625
812 0.902334
813 0.908083
814 0.914792
815 0.905417
816 0.915334
817 0.941708
818 0.942542
819 0.902084
820 0.9155
821 0.897542
822 0.911459
823 0.916834
824 0.917875
825 0.920583
826 0.917291
827 0.943709
828 0.911541
829 0.962084
830 0.930958
831 0.929625
832 0.96375
833 0.937208
834 0.942084
835 0.926667
836 0.92775
837 0.946709
838 0.940792
839 0.949958
840 0.941167
841 0.946875
842 0.957459
843 0.963334
844 0.972125
845 0.98725
846 0.959833
847 0.954334
848 0.964208
849 0.973875
850 0.99575
851 1.005208
852 0.988834
853 0.987125
854 0.967916
855 0.981416
856 0.98025
857 0.978709
858 0.989167
859 0.986417
860 0.989917
861 0.995916
862 1.009875
863 1.012458
864 0.984375
865 1.013042
866 1.010833
867 0.989666
868 0.999792
869 1.015542
870 1.02475
871 1.031542
872 1.014125
873 1.035333
874 1.014875
875 1.026125
876 1.029875
877 1.0175
878 1.025209
879 1.034709
880 1.031916
881 1.026208
882 1.046208
883 1.014208
884 1.059958
885 1.05425
886 1.058584
887 1.05375
888 1.049291
889 1.046
890 1.040125
891 1.032334
892 1.0605
893 1.086333
894 1.053167
895 1.075833
896 1.1295
897 1.077125
898 1.077458
899 1.080458
900 1.085625
901 1.07175
902 1.071208
903 1.067958
904 1.078125
905 1.0815
906 1.080917
907 1.108875
908 1.092208
909 1.082625
910 1.08725
911 1.09475
912 1.121625
913 1.101417
914 1.09825
915 1.1105
916 1.104833
917 1.105084
918 1.10625
919 1.128875
920 1.1125
921 1.115875
922 1.103125
923 1.10525
924 1.135125
925 1.142708
926 1.192417
927 1.125458
928 1.133208
929 1.13175
930 1.147084
931 1.128916
932 1.1595
933 1.151167
934 1.167792
935 1.132542
936 1.142208
937 1.150084
938 1.154417
939 1.219625
940 1.166125
941 1.157
942 1.138042
943 1.154667
944 1.167916
945 1.17375
946 1.168833
947 1.1615
948 1.170292
949 1.188292
950 1.163958
951 1.15775
952 1.283542
953 1.201958
954 1.18425
955 1.190166
956 1.173042
957 1.200834
958 1.19
959 1.171041
960 1.220208
961 1.2035
962 1.199625
963 1.209917
964 1.224625
965 1.225125
966 1.335083
967 1.225375
968 1.222167
969 1.215833
970 1.21825
971 1.227959
972 1.2505
973 1.252209
974 1.216042
975 1.246167
976 1.24
977 1.221209
978 1.26875
979 1.249625
980 1.287084
981 1.248041
982 1.216291
983 1.275542
984 1.259208
985 1.256791
986 1.249208
987 1.249708
988 1.270583
989 1.264625
990 1.266708
991 1.432167
992 1.25775
993 1.274958
994 1.279416
995 1.289959
996 1.285
997 1.276917
998 1.277333
999 1.27075
