0 0.001625
1 5.42E-4
2 0.001625
3 0.001083
4 0.00225
5 0.001459
6 0.002375
7 0.002292
8 0.003542
9 0.003625
10 0.004709
11 0.005458
12 0.00725
13 0.005459
14 0.007334
15 0.016208
16 0.01
17 0.008041
18 0.011208
19 0.008292
20 0.011042
21 0.009042
22 0.012625
23 0.014458
24 0.01325
25 0.026208
26 0.018459
27 0.021375
28 0.016
29 0.018542
30 0.017458
31 0.015917
32 0.022208
33 0.017292
34 0.020459
35 0.021959
36 0.023084
37 0.024875
38 0.022709
39 0.035459
40 0.038125
41 0.042
42 0.044417
43 0.049208
44 0.035792
45 0.034917
46 0.040875
47 0.0505
48 0.062666
49 0.046791
50 0.046666
51 0.051917
52 0.063208
53 0.046333
54 0.081125
55 0.081583
56 0.07675
57 0.062125
58 0.084167
59 0.05475
60 0.090625
61 0.08825
62 0.065041
63 0.078375
64 0.07725
65 0.116542
66 0.066208
67 0.12325
68 0.0805
69 0.086167
70 0.078959
71 0.083417
72 0.057916
73 0.068
74 0.066375
75 0.055
76 0.064958
77 0.063417
78 0.068458
79 0.070042
80 0.092583
81 0.122125
82 0.122666
83 0.157834
84 0.120417
85 0.172708
86 0.141916
87 0.186625
88 0.145834
89 0.141667
90 0.101916
91 0.076916
92 0.084
93 0.0715
94 0.035459
95 0.0265
96 0.0335
97 0.028625
98 0.02825
99 0.031584
100 0.028958
101 0.032875
102 0.027375
103 0.0295
104 0.031833
105 0.035125
106 0.03275
107 0.03125
108 0.052916
109 0.036833
110 0.037042
111 0.042958
112 0.037583
113 0.040375
114 0.038042
115 0.038166
116 0.042041
117 0.043208
118 0.040916
119 0.042208
120 0.043875
121 0.042334
122 0.044333
123 0.044208
124 0.046917
125 0.046625
126 0.051209
127 0.045375
128 0.052083
129 0.048333
130 0.052208
131 0.049
132 0.055208
133 0.0495
134 0.159417
135 0.047125
136 0.11
137 0.04725
138 0.076584
139 0.049792
140 0.094958
141 0.093833
142 0.088375
143 0.054625
144 0.199042
145 0.061625
146 0.064875
147 0.061791
148 0.060833
149 0.062917
150 0.069625
151 0.063959
152 0.060708
153 0.071375
154 0.064916
155 0.067166
156 0.071084
157 0.066542
158 0.090542
159 0.071541
160 0.013584
161 0.010583
162 0.010792
163 0.011375
164 0.011625
165 0.011625
166 0.011625
167 0.012542
168 0.011875
169 0.012125
170 0.011166
171 0.011958
172 0.011875
173 0.011583
174 0.012875
175 0.012583
176 0.01175
177 0.012583
178 0.012292
179 0.012542
180 0.012208
181 0.012917
182 0.013459
183 0.014
184 0.01375
185 0.013209
186 0.01375
187 0.0125
188 0.013625
189 0.013542
190 0.0145
191 0.014083
192 0.014958
193 0.014458
194 0.014042
195 0.015875
196 0.014833
197 0.015292
198 0.0155
199 0.015584
200 0.016333
201 0.015541
202 0.016166
203 0.0165
204 0.016375
205 0.017458
206 0.016834
207 0.016042
208 0.016542
209 0.016875
210 0.0175
211 0.016958
212 0.017458
213 0.017042
214 0.016666
215 0.017792
216 0.017
217 0.017916
218 0.018
219 0.017041
220 0.017542
221 0.017917
222 0.018667
223 0.018834
224 0.017958
225 0.019
226 0.01925
227 0.01925
228 0.018792
229 0.019917
230 0.0195
231 0.014666
232 0.013709
233 0.015083
234 0.014916
235 0.014292
236 0.015042
237 0.014458
238 0.020459
239 0.022292
240 0.02475
241 0.022833
242 0.022833
243 0.022291
244 0.02275
245 0.022834
246 0.024416
247 0.021917
248 0.024
249 0.023333
250 0.024334
251 0.02325
252 0.024375
253 0.023583
254 0.023958
255 0.02475
256 0.024584
257 0.025541
258 0.026041
259 0.025166
260 0.027125
261 0.026417
262 0.025625
263 0.026083
264 0.024875
265 0.02575
266 0.027167
267 0.025709
268 0.025833
269 0.026917
270 0.028042
271 0.029166
272 0.026875
273 0.028458
274 0.026625
275 0.027542
276 0.030084
277 0.028041
278 0.029666
279 0.029
280 0.028042
281 0.02925
282 0.028875
283 0.030167
284 0.030416
285 0.03075
286 0.030625
287 0.030958
288 0.029291
289 0.032458
290 0.031916
291 0.031542
292 0.031833
293 0.031459
294 0.030167
295 0.035375
296 0.033375
297 0.032416
298 0.031375
299 0.034584
300 0.033125
301 0.034959
302 0.032
303 0.033167
304 0.031666
305 0.034542
306 0.033791
307 0.035
308 0.036833
309 0.033
310 0.0365
311 0.035291
312 0.037084
313 0.036667
314 0.038792
315 0.03675
316 0.036167
317 0.037333
318 0.035542
319 0.036542
320 0.03725
321 0.0265
322 0.025792
323 0.026167
324 0.026334
325 0.026125
326 0.026083
327 0.027125
328 0.027292
329 0.026542
330 0.027625
331 0.040292
332 0.042208
333 0.042125
334 0.041375
335 0.040708
336 0.042875
337 0.039125
338 0.041125
339 0.041667
340 0.044084
341 0.043458
342 0.042667
343 0.041667
344 0.045667
345 0.043041
346 0.044875
347 0.043292
348 0.044792
349 0.04575
350 0.045792
351 0.044959
352 0.046792
353 0.043958
354 0.046
355 0.04625
356 0.047875
357 0.048208
358 0.049875
359 0.047167
360 0.047167
361 0.047875
362 0.048458
363 0.048416
364 0.103833
365 0.030625
366 0.0325
367 0.033917
368 0.032167
369 0.032875
370 0.032666
371 0.033417
372 0.03225
373 0.034416
374 0.033291
375 0.033708
376 0.032625
377 0.034375
378 0.034708
379 0.034958
380 0.034708
381 0.035625
382 0.034292
383 0.034583
384 0.034
385 0.0355
386 0.0335
387 0.03625
388 0.035583
389 0.035292
390 0.036667
391 0.036459
392 0.038625
393 0.05825
394 0.058166
395 0.057625
396 0.056542
397 0.057958
398 0.057167
399 0.057125
400 0.05675
401 0.05775
402 0.05325
403 0.059916
404 0.060292
405 0.063
406 0.058333
407 0.061917
408 0.062208
409 0.041625
410 0.038583
411 0.042792
412 0.038125
413 0.042291
414 0.043417
415 0.042209
416 0.042417
417 0.040083
418 0.04075
419 0.040042
420 0.040791
421 0.042833
422 0.042167
423 0.04225
424 0.041375
425 0.0665
426 0.039959
427 0.043042
428 0.042709
429 0.043125
430 0.060291
431 0.043833
432 0.045208
433 0.059125
434 0.06075
435 0.088167
436 0.067709
437 0.068416
438 0.068666
439 0.046083
440 0.091542
441 0.0725
442 0.068917
443 0.069958
444 0.073458
445 0.069334
446 0.047667
447 0.043917
448 0.047
449 0.068458
450 0.074042
451 0.049541
452 0.050458
453 0.047
454 0.049166
455 0.047375
456 0.049417
457 0.049959
458 0.048958
459 0.048334
460 0.050083
461 0.048416
462 0.050875
463 0.04925
464 0.050167
465 0.05
466 0.049875
467 0.0515
468 0.04975
469 0.050584
470 0.051459
471 0.050959
472 0.080834
473 0.079375
474 0.0825
475 0.084167
476 0.080459
477 0.082292
478 0.08175
479 0.084083
480 0.080166
481 0.085875
482 0.084958
483 0.081292
484 0.082584
485 0.0555
486 0.068667
487 0.051792
488 0.08525
489 0.083916
490 0.089041
491 0.121
492 0.152417
493 0.198625
494 0.08675
495 0.057833
496 0.094125
497 0.087792
498 0.096916
499 0.092333
500 0.092791
501 0.090917
502 0.093459
503 0.088875
504 0.09375
505 0.09225
506 0.093208
507 0.092833
508 0.059625
509 0.057834
510 0.063
511 0.056834
512 0.059959
513 0.062709
514 0.06025
515 0.094375
516 0.093959
517 0.0625
518 0.062584
519 0.0605
520 0.0625
521 0.063583
522 0.060167
523 0.064666
524 0.063125
525 0.062375
526 0.116583
527 0.098334
528 0.1005
529 0.105625
530 0.109875
531 0.065125
532 0.067375
533 0.099459
534 0.102583
535 0.102208
536 0.104458
537 0.119458
538 0.104209
539 0.102584
540 0.106
541 0.099459
542 0.06875
543 0.067792
544 0.0675
545 0.06875
546 0.067042
547 0.06875
548 0.068792
549 0.0685
550 0.068834
551 0.069958
552 0.066083
553 0.068167
554 0.070417
555 0.066417
556 0.069792
557 0.067708
558 0.069833
559 0.072375
560 0.069292
561 0.112333
562 0.109958
563 0.113208
564 0.115541
565 0.111375
566 0.115875
567 0.115959
568 0.116333
569 0.111917
570 0.118917
571 0.119209
572 0.119792
573 0.113208
574 0.118833
575 0.123333
576 0.1225
577 0.120042
578 0.117833
579 0.114875
580 0.118542
581 0.118541
582 0.118042
583 0.124292
584 0.125916
585 0.127042
586 0.126125
587 0.124
588 0.122709
589 0.123916
590 0.127792
591 0.122625
592 0.124083
593 0.123916
594 0.128167
595 0.12425
596 0.127542
597 0.131625
598 0.132667
599 0.1265
600 0.129708
601 0.130083
602 0.129833
603 0.129666
604 0.131792
605 0.130791
606 0.1395
607 0.13425
608 0.135292
609 0.131084
610 0.134625
611 0.130666
612 0.137416
613 0.133541
614 0.085625
615 0.136375
616 0.136542
617 0.133125
618 0.1395
619 0.137541
620 0.087084
621 0.088625
622 0.101833
623 0.087375
624 0.086125
625 0.088292
626 0.105833
627 0.097458
628 0.086959
629 0.105875
630 0.089
631 0.089792
632 0.148667
633 0.186792
634 0.137167
635 0.141584
636 0.142334
637 0.153833
638 0.143666
639 0.092041
640 0.090375
641 0.09125
642 0.092583
643 0.097333
644 0.273209
645 0.150083
646 0.096875
647 0.092
648 0.095833
649 0.096084
650 0.095458
651 0.094458
652 0.093625
653 0.153084
654 0.15625
655 0.155125
656 0.186375
657 0.150625
658 0.099375
659 0.093667
660 0.098458
661 0.096916
662 0.097042
663 0.095917
664 0.098833
665 0.098833
666 0.098916
667 0.096875
668 0.103833
669 0.116083
670 0.158334
671 0.102292
672 0.099791
673 0.100417
674 0.099583
675 0.101375
676 0.180292
677 0.164083
678 0.171375
679 0.167958
680 0.171916
681 0.163709
682 0.102667
683 0.104333
684 0.103167
685 0.10325
686 0.108125
687 1.233459
688 0.168
689 0.172584
690 0.174375
691 0.176709
692 0.174167
693 0.17775
694 0.170625
695 0.175916
696 0.174917
697 0.174167
698 0.176666
699 0.1095
700 0.11275
701 0.107333
702 0.172417
703 0.171792
704 0.173417
705 0.189375
706 0.110917
707 0.110625
708 0.111666
709 0.136
710 0.175667
711 0.176458
712 0.187167
713 0.187084
714 0.180792
715 0.178666
716 0.18925
717 0.182958
718 0.1875
719 0.1925
720 0.187459
721 0.199166
722 0.182833
723 0.186375
724 0.187208
725 0.18925
726 0.114125
727 0.181459
728 0.188041
729 0.189958
730 0.192958
731 0.185542
732 0.195292
733 0.189292
734 0.19075
735 0.193166
736 0.119708
737 0.187875
738 0.197125
739 0.187292
740 0.140333
741 0.1225
742 0.127
743 0.115958
744 0.121333
745 0.117167
746 0.122917
747 0.119791
748 0.12525
749 0.118959
750 0.126583
751 0.250667
752 0.256333
753 0.260917
754 0.259833
755 0.27
756 0.265042
757 0.255
758 0.227625
759 0.255209
760 0.267417
761 0.262875
762 0.262708
763 0.268875
764 0.265958
765 0.126292
766 0.131042
767 0.132
768 0.127625
769 0.132459
770 0.128291
771 0.129584
772 0.134917
773 0.134
774 0.165917
775 0.130417
776 0.129834
777 0.136833
778 0.132917
779 0.136625
780 0.130625
781 0.133709
782 0.137958
783 0.135542
784 0.156583
785 0.134
786 0.232708
787 0.516083
788 0.221542
789 0.136
790 0.134459
791 0.17575
792 0.252792
793 0.141583
794 0.136875
795 0.143209
796 0.142458
797 0.135292
798 0.13725
799 0.142958
800 0.220583
801 0.229291
802 0.230666
803 0.228667
804 0.230125
805 0.227209
806 0.235417
807 0.185
808 0.2405
809 0.23
810 0.231792
811 0.226167
812 0.237
813 0.243209
814 0.238167
815 0.149416
816 0.142958
817 0.149958
818 0.145875
819 0.146459
820 0.295875
821 0.314375
822 0.313334
823 0.301917
824 0.148375
825 0.148209
826 0.155583
827 0.156333
828 0.145959
829 0.150292
830 0.163792
831 0.183417
832 0.151791
833 0.149334
834 0.14525
835 0.153625
836 0.152959
837 0.148792
838 0.1525
839 0.152542
840 0.287875
841 0.151
842 0.152
843 0.323459
844 0.325542
845 0.320208
846 0.332209
847 0.31475
848 0.33075
849 0.153125
850 0.152708
851 0.158833
852 0.158708
853 0.152375
854 0.252333
855 0.27175
856 0.261833
857 0.253083
858 0.271292
859 0.263625
860 0.157459
861 0.159875
862 0.264666
863 0.26375
864 0.268083
865 0.270417
866 0.275125
867 0.26325
868 0.267417
869 0.164209
870 0.165417
871 0.166417
872 0.162917
873 0.278333
874 0.278792
875 0.273583
876 0.29975
877 0.167042
878 0.17025
879 0.304
880 0.278708
881 0.183917
882 0.28575
883 0.33825
884 0.276042
885 0.278458
886 0.278666
887 0.273083
888 0.288916
889 0.169667
890 0.175208
891 0.172333
892 0.2815
893 0.285583
894 0.172541
895 0.179791
896 0.174833
897 0.174542
898 0.193625
899 0.177917
900 0.18375
901 0.17825
902 0.171417
903 0.171667
904 0.178292
905 0.183166
906 0.177416
907 0.183
908 0.178959
909 0.179375
910 0.175958
911 0.30225
912 0.302917
913 0.296584
914 0.184917
915 0.181959
916 0.179708
917 0.186458
918 0.180959
919 0.18
920 0.193125
921 0.185625
922 0.192625
923 0.187583
924 0.188666
925 0.181875
926 0.402166
927 0.391042
928 0.40775
929 0.384375
930 0.386875
931 0.389791
932 0.38975
933 0.39275
934 0.385125
935 0.390292
936 0.4085
937 0.414
938 0.347334
939 0.197833
940 0.190416
941 0.185958
942 0.190666
943 0.188167
944 0.196417
945 0.190208
946 0.192167
947 0.196125
948 0.328834
949 0.331667
950 0.317166
951 0.328042
952 0.318791
953 0.3365
954 0.194875
955 0.195792
956 0.32825
957 0.327167
958 0.325417
959 0.301917
960 0.332959
961 0.200416
962 0.346542
963 0.199
964 0.209
965 0.198875
966 0.20275
967 0.199125
968 0.20325
969 0.264334
970 0.205375
971 0.199375
972 0.202709
973 0.536083
974 0.23
975 0.209583
976 0.206292
977 0.205833
978 0.210042
979 0.205667
980 0.209583
981 0.203666
982 0.203041
983 0.209125
984 0.207
985 0.202584
986 0.345417
987 0.367542
988 0.34425
989 0.353792
990 0.339083
991 0.341125
992 0.35575
993 0.348667
994 0.3585
995 0.35275
996 0.360208
997 0.959916
998 0.219875
999 0.216708
1000 0.219958
1001 0.617667
1002 0.36375
1003 0.21625
1004 0.218459
1005 0.215459
1006 0.212083
1007 0.2225
1008 0.211667
1009 0.221875
1010 0.220083
1011 0.217417
1012 0.222625
1013 0.216125
1014 0.220833
1015 0.218333
1016 0.230208
1017 0.229667
1018 0.224125
1019 0.246625
1020 0.229166
1021 0.254334
1022 1.971125
1023 0.2265
1024 1.452625
1025 0.224583
1026 0.2275
1027 0.228416
1028 0.265084
1029 0.219
1030 0.229959
1031 0.225958
1032 0.235459
1033 0.233292
1034 0.3935
1035 0.471917
1036 0.390458
1037 0.373959
1038 0.385625
1039 0.235458
1040 0.233916
1041 0.226917
1042 0.230584
1043 0.238916
1044 0.239375
1045 0.40475
1046 0.22625
1047 0.253334
1048 0.399917
1049 0.392833
1050 0.259208
1051 0.242917
1052 0.22925
1053 0.238916
1054 0.229667
1055 0.24
1056 0.245375
1057 0.242583
1058 0.244625
1059 0.24325
1060 0.264792
1061 0.235666
1062 0.248583
1063 0.246542
1064 0.238375
1065 0.243416
1066 0.483459
1067 0.247875
1068 0.251292
1069 0.364875
1070 0.425
1071 0.251708
1072 0.733667
1073 1.053041
1074 0.4125
1075 0.419459
1076 0.413459
1077 0.411417
1078 0.420083
1079 0.248291
1080 0.251792
1081 0.253208
1082 0.25575
1083 0.253125
1084 0.255459
1085 0.255042
1086 0.277708
1087 0.254709
1088 0.255
1089 0.420416
1090 0.403917
1091 0.421959
1092 0.420083
1093 0.444709
1094 0.428208
1095 0.255209
1096 0.266
1097 0.252459
1098 0.26325
1099 0.263666
1100 0.260625
1101 0.256458
1102 0.263917
1103 0.4405
1104 0.270291
1105 0.272459
1106 0.26225
1107 0.337375
1108 0.263916
1109 0.263709
1110 0.259875
1111 0.261125
1112 0.546708
1113 0.446959
1114 0.438042
1115 0.253625
1116 0.284125
1117 0.291583
1118 0.264166
1119 0.270666
1120 0.273791
1121 0.287083
1122 0.273416
1123 0.304125
1124 0.270875
1125 0.278041
1126 0.296792
1127 0.295084
1128 0.274166
1129 0.28175
1130 0.272833
1131 0.464208
1132 0.457417
1133 0.474375
1134 0.48
1135 0.272
1136 0.388125
1137 0.303791
1138 0.278583
1139 0.278791
1140 0.283708
1141 0.286333
1142 0.292
1143 0.293209
1144 0.28475
1145 0.278167
1146 0.463833
1147 0.475042
1148 0.453042
1149 0.303542
1150 0.459542
1151 0.281
1152 0.274208
1153 0.313333
1154 0.286208
1155 0.290791
1156 0.301375
1157 0.491334
1158 0.475917
1159 0.469625
1160 0.495667
1161 0.48975
1162 0.419
1163 0.281166
1164 0.320334
1165 0.290792
1166 0.294459
1167 1.34875
1168 0.292042
1169 0.425917
1170 0.327333
1171 0.418917
1172 0.323334
1173 0.297416
1174 0.297083
1175 0.307
1176 0.303375
1177 0.2925
1178 0.299208
1179 0.296208
1180 0.312958
1181 0.348416
1182 0.303666
1183 0.300875
1184 0.298542
1185 0.423
1186 0.308
1187 0.29725
1188 0.651625
1189 0.633583
1190 0.655792
1191 0.6215
1192 0.297792
1193 0.536208
1194 0.517584
1195 0.503667
1196 0.581834
1197 0.51025
1198 0.504334
1199 0.308
1200 0.304167
1201 0.304583
1202 0.299209
1203 0.31175
1204 0.3075
1205 0.301583
1206 0.312
1207 0.312792
1208 0.330458
1209 0.300791
1210 0.443125
1211 0.339667
1212 0.346208
1213 0.532291
1214 0.527417
1215 0.513584
1216 0.544334
1217 0.514833
1218 0.524542
1219 0.320833
1220 0.30675
1221 0.31425
1222 0.326458
1223 0.320417
1224 0.323042
1225 0.324959
1226 0.321875
1227 0.323292
1228 0.3985
1229 0.332
1230 0.356834
1231 0.440084
1232 0.357625
1233 0.319542
1234 0.331333
1235 0.322417
1236 0.328917
1237 0.321209
1238 0.326375
1239 0.32225
1240 0.570417
1241 0.561959
1242 0.568833
1243 0.550375
1244 0.561292
1245 0.557333
1246 0.324834
1247 0.319375
1248 0.34
1249 0.332667
1250 0.561625
1251 0.353625
1252 0.339375
1253 0.35225
1254 0.336375
1255 0.327666
1256 0.346125
1257 0.559375
1258 0.565958
1259 0.55225
1260 0.358
1261 0.4615
1262 0.564625
1263 0.573458
1264 0.583375
1265 0.578333
1266 0.347125
1267 0.571
1268 0.435125
1269 0.58625
1270 0.337375
1271 0.33975
1272 0.34225
1273 0.351042
1274 0.345875
1275 0.348375
1276 0.581292
1277 0.343083
1278 0.381375
1279 0.350041
1280 0.341834
1281 0.34575
1282 0.453709
1283 0.351125
1284 0.346042
1285 0.34875
1286 0.352666
1287 0.357542
1288 0.3755
1289 0.435333
1290 0.37225
1291 0.359083
1292 0.378416
1293 0.367583
1294 0.352959
1295 0.348084
1296 0.35975
1297 0.358375
1298 0.437708
1299 0.351292
1300 0.425
1301 0.364208
1302 0.349416
1303 0.401458
1304 0.361792
1305 0.358333
1306 0.440917
1307 0.358709
1308 0.384083
1309 0.394
1310 0.359833
1311 0.365958
1312 0.371667
1313 0.393709
1314 0.37525
1315 0.383625
1316 0.406583
1317 0.384917
1318 0.388916
1319 0.376542
1320 0.382083
1321 0.388959
1322 0.369834
1323 0.375875
1324 0.678292
1325 0.663292
1326 0.395625
1327 0.415292
1328 0.373667
1329 0.637625
1330 0.628125
1331 0.641459
1332 0.636792
1333 0.651166
1334 0.404167
1335 0.37675
1336 0.380875
1337 0.49125
1338 0.447083
1339 0.377417
1340 0.374667
1341 0.381417
1342 0.404542
1343 0.396
1344 0.395041
1345 0.380833
1346 0.648375
1347 0.379292
1348 0.399167
1349 0.392375
1350 0.406458
1351 0.705875
1352 0.972333
1353 0.402167
1354 0.39725
1355 0.391125
1356 0.54075
1357 0.389083
1358 0.396375
1359 0.690333
1360 0.661917
1361 0.668208
1362 0.66825
1363 0.667375
1364 0.651458
1365 0.673375
1366 0.678583
1367 0.653833
1368 0.649792
1369 0.675625
1370 0.669833
1371 0.40475
1372 0.425875
1373 0.419
1374 0.400208
1375 0.434792
1376 0.428208
1377 0.777959
1378 0.465458
1379 0.433542
1380 0.41675
1381 0.401542
1382 0.401666
1383 0.398792
1384 0.420208
1385 0.415083
1386 0.778417
1387 0.412208
1388 0.399083
1389 0.481625
1390 0.475
1391 0.417333
1392 0.539208
1393 0.411625
1394 0.412459
1395 0.546375
1396 0.426833
1397 0.481417
1398 1.508334
1399 0.697
1400 0.68725
1401 0.421917
1402 0.500084
1403 0.702458
1404 0.716833
1405 0.718834
1406 0.713625
1407 0.695625
1408 0.727291
1409 0.724291
1410 0.72725
1411 0.721208
1412 0.690458
1413 0.711042
1414 0.72275
1415 0.710875
1416 0.429291
1417 0.435958
1418 0.421125
1419 0.414791
1420 0.431167
1421 0.630375
1422 0.48325
1423 0.685375
1424 0.414
1425 0.474875
1426 0.4455
1427 0.76
1428 0.733917
1429 0.751042
1430 0.736542
1431 0.737625
1432 0.713208
1433 0.758625
1434 0.737625
1435 0.723459
1436 0.759916
1437 0.748917
1438 0.746083
1439 0.715708
1440 0.756125
1441 0.748125
1442 0.742958
1443 0.666084
1444 0.442792
1445 0.472791
1446 0.762416
1447 0.784875
1448 0.748875
1449 0.745791
1450 0.837375
1451 0.743958
1452 0.776583
1453 0.767333
1454 0.794084
1455 0.749125
1456 0.516166
1457 0.7375
1458 0.78475
1459 0.779125
1460 0.756
1461 0.775292
1462 0.808542
1463 0.780875
1464 0.602584
1465 0.775709
1466 0.789917
1467 0.764334
1468 0.805541
1469 0.76375
1470 0.761792
1471 0.772375
1472 0.764625
1473 0.787708
1474 0.774167
1475 0.55025
1476 0.454792
1477 0.466792
1478 0.468791
1479 0.452916
1480 0.504
1481 0.468625
1482 0.478875
1483 0.45875
1484 0.476
1485 0.513542
1486 0.477125
1487 0.8045
1488 0.817542
1489 0.770625
1490 0.784875
1491 0.769416
1492 0.777542
1493 0.781458
1494 0.812333
1495 0.778208
1496 0.800667
1497 0.802875
1498 0.794125
1499 0.787666
1500 0.815333
1501 0.790167
1502 0.794708
1503 0.82625
1504 0.96875
1505 0.616958
1506 0.645333
1507 0.830667
1508 0.791208
1509 0.782
1510 0.815625
1511 0.849375
1512 0.828084
1513 0.812833
1514 0.833583
1515 0.819167
1516 0.819625
1517 0.82475
1518 0.846791
1519 0.490708
1520 0.508917
1521 0.489125
1522 0.487667
1523 0.844834
1524 0.866875
1525 0.805958
1526 0.83575
1527 0.837375
1528 0.84675
1529 0.8325
1530 0.841375
1531 0.826625
1532 0.872208
1533 0.826542
1534 0.837958
1535 0.85575
1536 1.131125
1537 0.540958
1538 0.842791
1539 0.865625
1540 1.242
1541 0.756958
1542 0.570667
1543 0.554792
1544 0.506375
1545 0.546417
1546 0.493792
1547 0.869291
1548 0.890875
1549 0.575959
1550 0.864708
1551 0.891791
1552 0.8435
1553 0.873583
1554 0.516792
1555 0.520583
1556 0.515583
1557 0.506708
1558 0.498959
1559 0.5085
1560 0.607875
1561 0.612375
1562 0.814541
1563 0.931708
1564 0.877666
1565 0.708959
1566 0.514583
1567 0.534417
1568 0.508334
1569 0.512291
1570 0.522
1571 0.630958
1572 0.524458
1573 0.5785
1574 0.54025
1575 0.524708
1576 1.100167
1577 0.730709
1578 0.523833
1579 0.901875
1580 0.955667
1581 0.523041
1582 0.664125
1583 1.972166
1584 0.927375
1585 0.887667
1586 0.90325
1587 0.902625
1588 0.857375
1589 0.89425
1590 0.875709
1591 0.749291
1592 0.7475
1593 0.7435
1594 0.754667
1595 0.754833
1596 0.74175
1597 0.767292
1598 0.771542
1599 1.0365
1600 0.683791
1601 0.546667
1602 0.549875
1603 0.54375
1604 0.550834
1605 0.624625
1606 0.54275
1607 0.545292
1608 0.553666
1609 0.541166
1610 0.532583
1611 0.54725
1612 0.963209
1613 0.554334
1614 0.549083
1615 0.567042
1616 0.5455
1617 0.654791
1618 0.553166
1619 0.559542
1620 0.918041
1621 1.25625
1622 0.925209
1623 0.800125
1624 0.763541
1625 0.793625
1626 0.791417
1627 0.792
1628 0.793459
1629 0.78
1630 0.77225
1631 0.796917
1632 0.782209
1633 0.788208
1634 0.777958
1635 0.782292
1636 0.964792
1637 1.003625
1638 0.719375
1639 0.594167
1640 0.584
1641 0.575208
1642 0.5525
1643 0.958583
1644 0.563
1645 0.569375
1646 0.575125
1647 0.833084
1648 0.588083
1649 0.573042
1650 0.569667
1651 0.573834
1652 0.591375
1653 0.562625
1654 0.574334
1655 0.563
1656 0.594833
1657 0.574667
1658 0.806375
1659 0.595333
1660 0.837125
1661 0.823083
1662 0.645041
1663 0.577084
1664 0.584375
1665 0.589125
1666 0.995042
1667 0.970125
1668 1.038125
1669 1.010917
1670 1.02025
1671 0.980791
1672 0.816
1673 0.607417
1674 0.594834
1675 0.611208
1676 0.608792
1677 0.580167
1678 1.050959
1679 0.601083
1680 0.622417
1681 0.581584
1682 0.617583
1683 0.58325
1684 0.5905
1685 2.466709
1686 0.586667
1687 0.610792
1688 0.589208
1689 0.595958
1690 0.585125
1691 0.635459
1692 0.608541
1693 0.59625
1694 1.030417
1695 1.02375
1696 1.6585
1697 0.8765
1698 0.647041
1699 0.5965
1700 0.6155
1701 0.614166
1702 0.5995
1703 0.606167
1704 0.614834
1705 0.611375
1706 0.622208
1707 0.615458
1708 0.622458
1709 0.640667
1710 0.60525
1711 0.856041
1712 0.875334
1713 0.852791
1714 0.882875
1715 0.882875
1716 0.938084
1717 0.813541
1718 0.623333
1719 0.617125
1720 0.630333
1721 0.6295
1722 0.857791
1723 0.7265
1724 0.982875
1725 0.664958
1726 0.921625
1727 1.038542
1728 1.038
1729 1.069125
1730 0.974584
1731 0.617
1732 0.829792
1733 1.137708
1734 1.122
1735 0.890875
1736 0.645958
1737 0.669708
1738 0.638458
1739 0.706875
1740 0.64
1741 0.680708
1742 0.68675
1743 0.660959
1744 0.632083
1745 0.7275
1746 1.624834
1747 1.085833
1748 1.141917
1749 0.68975
1750 1.217333
1751 0.972208
1752 0.660959
1753 0.680584
1754 0.650666
1755 0.659292
1756 1.486
1757 1.111375
1758 1.095083
1759 1.10475
1760 1.117834
1761 1.119834
1762 1.11
1763 1.115125
1764 1.106709
1765 0.93675
1766 0.9165
1767 0.908041
1768 0.947083
1769 0.953
1770 0.928084
1771 0.916333
1772 0.936667
1773 0.974458
1774 0.926292
1775 0.928833
1776 1.0285
1777 1.153375
1778 1.124666
1779 1.203041
1780 1.239959
1781 0.888
1782 0.891125
1783 1.150166
1784 1.119958
1785 0.670041
1786 1.042167
1787 1.363458
1788 1.159417
1789 1.541917
1790 0.808625
1791 0.952625
1792 0.752292
1793 0.834583
1794 0.671583
1795 0.685709
1796 0.67525
1797 0.69225
1798 0.677916
1799 0.685708
1800 0.72
1801 0.697417
1802 0.681625
1803 0.659416
1804 0.720917
1805 0.679583
1806 0.679208
1807 0.686916
1808 0.701042
1809 0.70075
1810 0.739416
1811 0.755042
1812 0.7045
1813 0.787041
1814 0.700709
1815 0.720042
1816 0.704625
1817 0.674333
1818 0.689208
1819 0.703125
1820 0.700583
1821 0.702167
1822 0.694375
1823 0.697125
1824 0.69225
1825 0.698667
1826 1.198333
1827 1.197708
1828 1.230583
1829 1.202458
1830 1.204125
1831 1.19525
1832 1.211625
1833 1.182875
1834 1.217167
1835 1.207958
1836 1.187334
1837 1.239041
1838 1.203459
1839 1.227375
1840 0.882542
1841 1.089958
1842 0.755333
1843 0.699083
1844 0.716333
1845 0.70325
1846 0.706417
1847 0.738334
1848 0.7755
1849 0.767834
1850 0.714666
1851 0.764667
1852 0.714208
1853 0.686084
1854 0.747375
1855 0.732792
1856 0.727
1857 0.723458
1858 0.737459
1859 0.759083
1860 0.789667
1861 0.723083
1862 0.9215
1863 1.14325
1864 0.7335
1865 0.793625
1866 0.7435
1867 0.728834
1868 0.746917
1869 0.721292
1870 0.741417
1871 0.758583
1872 0.809292
1873 0.7285
1874 0.883583
1875 0.75025
1876 1.2705
1877 1.246417
1878 0.986084
1879 0.733
1880 0.737041
1881 0.742917
1882 0.754917
1883 0.741208
1884 0.888792
1885 0.736125
1886 0.744459
1887 0.748875
1888 0.93225
1889 0.743292
1890 0.773166
1891 0.752834
1892 1.284834
1893 1.270959
1894 1.305458
1895 0.767625
1896 0.767292
1897 0.75725
1898 0.776459
1899 0.750917
1900 0.756333
1901 0.758208
1902 0.736916
1903 0.801292
1904 0.7685
1905 0.801167
1906 1.300833
1907 1.111584
1908 1.068125
1909 1.060125
1910 1.06325
1911 1.113125
1912 0.931042
1913 0.77725
1914 0.793
1915 1.007542
1916 0.768333
1917 1.12225
1918 0.75525
1919 0.76825
1920 0.761375
1921 0.777125
1922 0.761042
1923 1.325417
1924 1.304958
1925 1.317
1926 1.375458
1927 1.33575
1928 1.325542
1929 1.341334
1930 1.3385
1931 0.777792
1932 1.295959
1933 1.341541
1934 1.349792
1935 1.320792
1936 1.312625
1937 1.252292
1938 1.126875
1939 1.137167
1940 1.12975
1941 1.115666
1942 1.123209
1943 1.096583
1944 1.098083
1945 1.098209
1946 1.404625
1947 1.371625
1948 1.341958
1949 0.8135
1950 0.825458
1951 0.893792
1952 0.821292
1953 1.163292
1954 1.391792
1955 1.354375
1956 1.210292
1957 1.148709
1958 0.846791
1959 1.112917
1960 1.106
1961 1.11825
1962 1.128292
1963 1.110291
1964 1.143
1965 1.704917
1966 1.4295
1967 1.335208
1968 1.111208
1969 0.814958
1970 0.815291
1971 1.453
1972 1.431625
1973 0.820625
1974 1.069125
1975 1.080541
1976 1.412792
1977 1.166042
1978 0.812375
1979 0.81225
1980 0.858791
1981 0.836334
1982 0.822625
1983 1.070334
1984 1.501708
1985 1.394166
1986 1.399667
1987 0.89975
1988 1.506334
1989 1.56125
1990 1.124666
1991 1.662125
1992 1.1385
1993 0.861208
1994 1.382334
1995 0.890166
1996 0.831917
1997 0.826875
1998 0.838042
1999 1.099417
2000 0.848625
2001 1.386875
2002 0.848292
2003 1.184917
2004 2.677875
2005 1.107042
2006 0.9525
2007 1.169167
2008 1.266083
2009 1.497
2010 1.597042
2011 2.863125
2012 1.2425
2013 0.911667
2014 1.515959
2015 1.604208
2016 1.617667
2017 1.471916
2018 1.472958
2019 1.482291
2020 1.287666
2021 1.6115
2022 1.295
2023 1.273084
2024 1.191875
2025 1.343209
2026 1.221334
2027 1.224208
2028 1.207958
2029 1.264583
2030 1.095625
2031 1.328166
2032 1.27025
2033 1.346292
2034 0.877333
2035 1.478834
2036 1.6205
2037 1.343084
2038 0.87325
2039 0.868667
2040 0.860167
2041 0.87525
2042 0.974167
2043 1.290583
2044 1.093417
2045 2.014583
2046 0.892833
2047 0.970167
2048 1.561083
2049 1.564709
2050 1.497792
2051 1.534625
2052 1.588875
2053 1.5625
2054 1.450542
2055 1.565083
2056 0.877208
2057 1.460583
2058 1.32125
2059 1.499417
2060 1.498541
2061 1.54
2062 1.226334
2063 1.043916
2064 0.981375
2065 1.030542
2066 1.102667
2067 1.536542
2068 1.5835
2069 1.507833
2070 1.562167
2071 1.527167
2072 1.495709
2073 1.544541
2074 1.206167
2075 1.588709
2076 1.514583
2077 1.576167
2078 0.910167
2079 0.899167
2080 0.89475
2081 0.915834
2082 0.917875
2083 1.08375
2084 0.952792
2085 0.964166
2086 0.899917
2087 0.984459
2088 1.319708
2089 1.606083
2090 1.578416
2091 1.54
2092 1.571041
2093 1.545708
2094 1.574041
2095 1.546375
2096 1.601916
2097 1.3505
2098 1.032667
2099 0.905583
2100 1.01725
2101 1.0455
2102 0.935208
2103 0.972041
2104 1.951542
2105 1.583125
2106 1.613333
2107 2.1825
2108 1.158833
2109 1.555209
2110 1.601667
2111 1.029208
2112 1.5675
2113 1.609875
2114 1.427041
2115 0.967708
2116 1.577083
2117 1.837167
2118 1.635125
2119 0.943917
2120 0.943584
2121 0.973959
2122 0.9575
2123 0.980667
2124 0.974458
2125 1.013625
2126 1.729375
2127 1.6155
2128 1.704584
2129 1.81725
2130 1.696959
2131 1.635792
2132 1.656583
2133 1.324
2134 1.712333
2135 1.562583
2136 1.621167
2137 1.689292
2138 2.311083
2139 1.699375
2140 4.111917
2141 1.823208
2142 1.66275
2143 1.648208
2144 2.715542
2145 2.181791
2146 2.292041
2147 1.290917
2148 0.961208
2149 0.98475
2150 1.0235
2151 1.9825
2152 1.373666
2153 1.339792
2154 1.3815
2155 1.3835
2156 1.361959
2157 1.37225
2158 1.655583
2159 1.68025
2160 1.676542
2161 1.6475
2162 1.657166
2163 1.7705
2164 1.763667
2165 1.677583
2166 1.680084
2167 1.565208
2168 0.979083
2169 0.966292
2170 1.008167
2171 2.31075
2172 4.137292
2173 1.735
2174 1.687625
2175 2.3085
2176 1.8055
2177 1.527375
2178 1.156208
2179 1.465542
2180 1.368167
2181 1.418583
2182 1.403875
2183 1.405292
2184 1.492125
2185 1.749041
2186 1.721208
2187 1.751541
2188 1.786584
2189 2.119875
2190 1.087375
2191 1.322125
2192 0.982875
2193 1.656041
2194 1.881875
2195 0.991333
2196 1.032084
2197 1.02375
2198 1.2985
2199 1.126416
2200 1.055875
2201 1.427917
2202 1.803167
2203 1.477542
2204 1.514042
2205 1.373416
2206 1.002166
2207 1.029291
2208 1.4145
2209 1.697708
2210 3.321709
2211 1.8
2212 1.07975
2213 1.094666
2214 1.076292
2215 1.229833
2216 1.794042
2217 1.0515
2218 1.356542
2219 1.098584
2220 1.902917
2221 1.366083
2222 1.309666
2223 1.273083
2224 1.234708
2225 1.035417
2226 1.034541
2227 1.820333
2228 1.058334
2229 1.762959
2230 1.049334
2231 1.821916
2232 2.757333
2233 1.095833
2234 1.119125
2235 1.787
2236 1.820333
2237 1.063
2238 1.754167
2239 1.754166
2240 1.384625
2241 2.0135
2242 1.792625
2243 1.849458
2244 5.769458
2245 1.054583
2246 1.056583
2247 1.045166
2248 1.580709
2249 1.456083
2250 1.74325
2251 1.869166
2252 1.949167
2253 1.742458
2254 1.607167
2255 1.814958
2256 1.785458
2257 1.638292
2258 1.5045
2259 1.082125
2260 1.18875
2261 1.569833
2262 1.460375
2263 2.252042
2264 1.69525
2265 1.064167
2266 1.211
2267 1.144875
2268 1.13975
2269 3.535292
2270 1.515791
2271 1.462875
2272 1.634583
2273 1.873708
2274 1.8495
2275 1.770875
2276 1.090875
2277 1.660416
2278 1.070375
2279 1.070834
2280 1.079208
2281 4.631875
2282 1.110209
2283 3.525375
2284 1.8955
2285 1.868791
2286 2.325875
2287 1.949417
2288 1.88725
2289 4.407916
2290 1.081458
2291 3.742208
2292 1.918334
2293 1.900833
2294 3.868958
2295 1.417541
2296 1.101667
2297 1.061875
2298 1.597084
2299 1.430958
2300 1.115708
2301 3.976958
2302 1.6505
2303 1.983042
2304 1.41475
2305 1.138375
2306 2.293208
2307 3.205333
2308 1.917916
2309 3.24725
2310 2.552459
2311 1.356792
2312 1.115375
2313 1.427
2314 1.807959
2315 1.78725
2316 1.287125
2317 2.095
2318 1.834292
2319 2.357
2320 2.726208
2321 2.52075
2322 2.468208
2323 2.149792
2324 1.849667
2325 3.105625
2326 1.498208
2327 1.226625
2328 1.141
2329 1.654167
2330 2.07175
2331 1.428583
2332 2.36125
2333 2.14275
2334 2.128458
2335 1.593458
2336 2.070458
2337 1.975792
2338 1.571167
2339 1.296083
2340 2.306833
2341 1.3085
2342 1.21775
2343 1.611584
2344 1.988792
2345 1.194167
2346 1.160375
2347 1.15375
2348 1.246667
2349 2.127291
2350 1.333209
2351 1.285958
2352 1.698584
2353 1.429917
2354 1.179417
2355 1.46525
2356 1.92925
2357 1.2105
2358 1.674834
2359 2.35875
2360 1.992125
2361 2.18
2362 1.6095
2363 1.179208
2364 1.183458
2365 1.544958
2366 2.045417
2367 1.331458
2368 1.36925
2369 1.707
2370 2.003833
2371 2.191417
2372 1.509833
2373 1.243417
2374 1.172708
2375 3.576
2376 2.500333
2377 3.082791
2378 2.181625
2379 2.031625
2380 2.04075
2381 2.485875
2382 2.028708
2383 1.943042
2384 1.221667
2385 1.346667
2386 1.2265
2387 1.225417
2388 1.192917
2389 2.021584
2390 1.524708
2391 1.196375
2392 2.010791
2393 2.011208
2394 1.52175
2395 1.899125
2396 1.199583
2397 1.213709
2398 1.172584
2399 1.310541
2400 1.749958
2401 2.42175
2402 2.124167
2403 1.762542
2404 1.261958
2405 2.106625
2406 1.21225
2407 1.242583
2408 1.943875
2409 2.144958
2410 2.098959
2411 2.375333
2412 2.108417
2413 1.28425
2414 1.2165
2415 1.290708
2416 1.281917
2417 1.202
2418 2.889208
2419 2.806209
2420 2.136583
2421 2.109958
2422 2.129041
2423 1.854041
2424 2.094875
2425 1.529125
2426 2.305833
2427 2.170125
2428 2.185209
2429 2.132958
2430 2.05775
2431 2.167291
2432 1.953708
2433 2.729416
2434 2.158708
2435 1.905792
2436 2.346875
2437 1.266417
2438 1.222125
2439 2.126458
2440 1.913167
2441 1.833292
2442 1.247291
2443 1.257708
2444 2.031
2445 1.752
2446 1.330917
2447 1.5235
2448 1.26375
2449 1.657625
2450 1.792
2451 2.161625
2452 1.825875
2453 1.454792
2454 2.46925
2455 1.423667
2456 1.30225
2457 1.342875
2458 1.631916
2459 2.261709
2460 2.104542
2461 1.609125
2462 1.347792
2463 1.268458
2464 1.252958
2465 1.343583
2466 1.71475
2467 1.628625
2468 2.129041
2469 2.189708
2470 2.292375
2471 2.189
2472 2.180875
2473 2.205292
2474 2.185084
2475 1.321
2476 1.289959
2477 1.369791
2478 1.429875
2479 1.273625
2480 1.392583
2481 1.413916
2482 2.205375
2483 1.454667
2484 1.451292
2485 1.522708
2486 1.43075
2487 2.592458
2488 1.28725
2489 2.210167
2490 1.828709
2491 1.727208
2492 2.342083
2493 2.181417
2494 1.337
2495 2.104833
2496 2.257875
2497 2.178667
2498 2.157291
2499 1.840333
2500 1.428333
2501 1.368583
2502 1.274417
2503 1.290625
2504 1.264875
2505 1.303708
2506 1.373834
2507 1.32025
2508 1.576916
2509 2.318125
2510 2.018875
2511 2.280625
2512 1.34925
2513 2.179792
2514 2.336083
2515 1.985875
2516 1.320375
2517 2.673916
2518 2.323208
2519 2.354209
2520 2.358041
2521 1.713583
2522 1.388042
2523 1.371583
2524 1.653708
2525 2.447875
2526 2.383375
2527 2.024709
2528 2.629958
2529 2.199708
2530 2.301333
2531 1.943625
2532 2.215416
2533 1.315959
2534 1.338167
2535 1.315416
2536 1.332958
2537 1.367208
2538 1.343625
2539 2.394333
2540 2.134334
2541 2.375875
2542 2.86325
2543 3.01025
2544 9.732917
2545 2.168583
2546 1.719125
2547 1.789125
2548 1.552667
2549 2.335459
2550 1.568208
2551 2.383125
2552 2.117708
2553 1.600667
2554 2.488834
2555 2.151666
2556 1.359542
2557 1.777666
2558 2.973708
2559 2.044875
2560 1.803125
2561 2.640584
2562 2.379875
2563 1.386916
2564 41.968625
2565 2.368167
2566 2.352125
2567 2.428125
2568 3.816666
2569 1.381542
2570 1.376667
2571 2.026166
2572 2.2405
2573 1.4445
2574 2.7685
2575 1.973
2576 1.75025
2577 2.459209
2578 2.355916
2579 2.420666
2580 3.020709
2581 2.970792
2582 2.36325
2583 1.805458
2584 1.45725
2585 1.826375
2586 1.863625
2587 1.524917
2588 3.71925
2589 1.577791
2590 1.469292
2591 1.418458
2592 1.547834
2593 1.405958
2594 1.418958
2595 1.673042
2596 1.689792
2597 3.152959
2598 3.157875
2599 10.490041
2600 2.579167
2601 2.648708
2602 33.367
2603 4.961125
2604 3.725541
2605 2.644833
2606 18.712209
2607 2.384041
2608 7.845875
2609 1.749917
2610 1.382
2611 5.66975
2612 5.646833
2613 3.161042
2614 3.142292
2615 2.1375
2616 1.465792
2617 1.641458
2618 1.899541
2619 2.498084
2620 2.503833
2621 2.432625
2622 3.13825
2623 2.074375
2624 2.089791
2625 1.569833
2626 1.54725
2627 1.491958
2628 1.484375
2629 1.468958
2630 1.556042
2631 2.424792
2632 2.837208
2633 3.247292
2634 2.225916
2635 1.498958
2636 1.536625
2637 1.968792
2638 3.155792
2639 3.352292
2640 1.463458
2641 1.433458
2642 1.73425
2643 1.523625
2644 2.115083
2645 2.246625
2646 2.187083
2647 1.990584
2648 1.479792
2649 1.492125
2650 1.432375
2651 2.886333
2652 2.417625
2653 3.419292
2654 2.262875
2655 2.620416
2656 1.551417
2657 2.066
2658 1.458375
2659 1.51525
2660 2.75625
2661 2.714209
2662 3.584042
2663 3.304875
2664 2.30525
2665 2.412833
2666 2.497375
2667 2.180209
2668 2.10175
2669 1.540792
2670 1.495583
2671 1.459666
2672 2.247875
2673 1.607917
2674 1.537042
2675 2.138375
2676 2.171
2677 1.5305
2678 3.205875
2679 1.499333
2680 4.2155
2681 3.081084
2682 2.529208
2683 2.626125
2684 2.08375
2685 2.215667
2686 2.576625
2687 2.226083
2688 2.357375
2689 3.13625
2690 2.863333
2691 2.683542
2692 2.390333
2693 1.87525
2694 1.856958
2695 1.47275
2696 1.615917
2697 1.57975
2698 1.650708
2699 2.037041
2700 1.974625
2701 1.541084
2702 3.191542
2703 1.659292
2704 3.229209
2705 2.434917
2706 1.925625
2707 2.4805
2708 1.583541
2709 2.608042
2710 3.38625
2711 3.029791
2712 2.773791
2713 1.569125
2714 2.6555
2715 2.722
2716 2.716875
2717 2.792709
2718 3.001125
2719 3.308416
2720 3.385208
2721 2.466417
2722 2.33875
2723 1.796375
2724 2.661042
2725 2.602292
2726 2.151208
2727 1.533667
2728 1.567333
2729 1.559834
2730 1.564833
2731 2.544667
2732 1.931834
2733 1.565667
2734 1.660292
2735 1.585333
2736 1.573042
2737 1.668042
2738 1.67525
2739 1.585042
2740 1.730459
2741 1.729167
2742 1.90425
2743 2.489208
2744 2.867542
2745 3.387291
2746 2.648667
2747 3.094125
2748 2.788958
2749 2.757583
2750 2.746959
2751 3.077333
2752 2.272
2753 3.050208
2754 3.714875
2755 4.626208
2756 2.738666
2757 2.806958
2758 1.934792
2759 1.584084
2760 1.589833
2761 2.574208
2762 2.117041
2763 3.123291
2764 2.803167
2765 2.813458
2766 2.780666
2767 2.887583
2768 2.0195
2769 1.684959
2770 1.654708
2771 1.667458
2772 1.589375
2773 1.625167
2774 1.621667
2775 2.024042
2776 2.242125
2777 1.571584
2778 1.861292
2779 1.791166
2780 3.071667
2781 3.484042
2782 2.813583
2783 3.509958
2784 2.14375
2785 1.6565
2786 2.769583
2787 2.643333
2788 2.596833
2789 2.684083
2790 2.496166
2791 1.712625
2792 1.616042
2793 1.678666
2794 2.502833
2795 2.529542
2796 2.996083
2797 2.873917
2798 2.91325
2799 2.813208
2800 2.4645
2801 3.060292
2802 3.182416
2803 1.611375
2804 2.53475
2805 1.678291
2806 1.887416
2807 2.986334
2808 2.586667
2809 1.647459
2810 1.64075
2811 2.382
2812 2.527916
2813 1.772375
2814 2.092791
2815 2.797041
2816 1.992042
2817 1.692833
2818 1.81975
2819 1.720084
2820 2.269416
2821 2.427375
2822 1.834542
2823 1.682834
2824 1.801208
2825 3.785667
2826 2.743709
2827 2.597417
2828 1.669958
2829 1.652084
2830 2.337125
2831 2.746541
2832 2.846042
2833 3.033292
2834 2.951625
2835 2.85275
2836 2.846333
2837 3.568917
2838 2.088708
2839 2.275625
2840 3.7465
2841 3.067584
2842 1.786584
2843 2.824833
2844 2.785875
2845 2.925334
2846 1.681625
2847 1.7185
2848 2.031875
2849 2.536083
2850 2.800958
2851 3.264042
2852 3.73625
2853 3.777875
2854 5.968709
2855 4.596041
2856 2.013334
2857 1.739042
2858 2.513375
2859 2.878
2860 3.430125
2861 1.726042
2862 2.465959
2863 2.741708
2864 3.31975
2865 2.240542
2866 1.781958
2867 2.842791
2868 2.410208
2869 2.376584
2870 2.522958
2871 3.000333
2872 1.870583
2873 1.722709
2874 4.140042
2875 12.180125
2876 2.236958
2877 2.196666
2878 2.324833
2879 3.358542
2880 2.334583
2881 1.751042
2882 3.724125
2883 2.945375
2884 2.484875
2885 1.763
2886 1.738292
2887 1.931417
2888 2.088708
2889 6.473666
2890 2.523666
2891 2.642916
2892 3.413
2893 2.199708
2894 2.466209
2895 2.199625
2896 3.034917
2897 1.8145
2898 2.257083
2899 2.757416
2900 2.187292
2901 2.626375
2902 3.0565
2903 4.160333
2904 3.39
2905 2.326
2906 3.174709
2907 3.032416
2908 2.139917
2909 1.766166
2910 1.775
2911 1.805542
2912 3.210834
2913 3.089583
2914 2.723458
2915 1.750334
2916 1.8315
2917 1.773125
2918 1.916958
2919 4.134209
2920 2.564458
2921 1.784459
2922 2.264125
2923 1.802666
2924 2.64075
2925 2.146708
2926 1.809792
2927 2.495125
2928 1.844625
2929 2.15325
2930 2.199083
2931 1.802333
2932 2.154917
2933 3.5905
2934 2.934375
2935 3.177208
2936 9.83
2937 1.981458
2938 1.841084
2939 3.132666
2940 1.762
2941 5.90375
2942 2.851417
2943 2.125625
2944 2.962916
2945 4.742834
2946 1.813959
2947 2.029042
2948 5.419917
2949 1.845375
2950 3.19075
2951 9.982041
2952 1.792958
2953 1.774917
2954 3.237375
2955 1.887542
2956 4.446875
2957 6.555583
2958 2.19275
2959 1.834334
2960 2.95525
2961 3.739084
2962 2.168667
2963 3.185541
2964 3.187834
2965 5.656208
2966 2.545333
2967 1.819959
2968 5.632917
2969 4.642792
2970 1.884375
2971 2.8105
2972 3.5925
2973 2.05575
2974 2.013125
2975 2.743584
2976 3.836292
2977 2.008375
2978 3.355959
2979 2.537208
2980 3.299958
2981 3.16025
2982 3.205125
2983 2.840291
2984 2.536917
2985 3.793292
2986 2.565459
2987 2.795666
2988 3.545791
2989 2.954458
2990 1.932583
2991 2.2065
2992 3.217375
2993 3.8625
2994 2.473417
2995 1.912125
2996 2.795667
2997 2.882292
2998 3.08425
2999 3.677542
3000 4.166417
3001 4.272917
3002 4.411125
3003 1.903542
3004 2.626916
3005 3.557083
3006 1.840583
3007 2.151584
3008 3.929458
3009 1.88425
3010 1.879291
3011 1.905166
3012 1.996083
3013 1.930542
3014 1.9065
3015 2.958
3016 4.0735
3017 1.904375
3018 2.155791
3019 1.918291
3020 3.275417
3021 2.238208
3022 3.364583
3023 2.415459
3024 2.638584
3025 3.364667
3026 2.845375
3027 1.949125
3028 2.3
3029 3.304166
3030 3.296167
3031 3.338875
3032 3.636792
3033 3.280667
3034 2.528167
3035 1.917084
3036 1.91275
3037 1.917166
3038 1.889458
3039 3.212084
3040 2.365583
3041 2.003042
3042 2.062458
3043 1.889084
3044 3.218958
3045 3.426209
3046 3.376584
3047 2.550833
3048 2.200084
3049 3.233
3050 3.031292
3051 1.975667
3052 1.921125
3053 2.000459
3054 2.001334
3055 2.55175
3056 3.964084
3057 3.279291
3058 3.341083
3059 1.923458
3060 1.957167
3061 3.34
3062 3.367625
3063 3.369333
3064 3.322167
3065 3.396416
3066 3.472291
3067 3.3965
3068 1.980416
3069 2.433125
3070 4.332208
3071 3.496416
3072 3.258375
3073 1.998666
3074 3.145
3075 2.299583
3076 2.180042
3077 3.100042
3078 2.829708
3079 3.37275
3080 3.340667
3081 3.40775
3082 3.410084
3083 2.975625
3084 2.1725
3085 2.127667
3086 2.439417
3087 2.656625
3088 2.496958
3089 2.384834
3090 2.135458
3091 2.2585
3092 3.458042
3093 2.04725
3094 2.42225
3095 3.034458
3096 2.781875
3097 1.94575
3098 3.4835
3099 3.397208
3100 3.431917
3101 2.057458
3102 2.962209
3103 3.508
3104 2.282959
3105 3.529125
3106 5.501375
3107 2.415875
3108 2.708875
3109 2.701292
3110 2.707083
3111 1.987375
3112 1.974791
3113 2.271292
3114 3.583917
3115 3.39525
3116 2.976375
3117 4.217834
3118 2.989834
3119 1.979125
3120 2.109292
3121 2.109917
3122 4.017583
3123 2.003417
3124 2.091083
3125 3.453542
3126 2.779166
3127 3.55825
3128 3.510417
3129 3.609417
3130 2.541167
3131 3.297791
3132 4.295459
3133 2.029625
3134 2.841667
3135 3.435334
3136 3.548333
3137 3.504875
3138 4.556625
3139 3.262
3140 2.606667
3141 2.041209
3142 4.996
3143 2.691042
3144 2.7875
3145 5.306125
3146 4.029875
3147 2.404959
3148 3.49225
3149 3.638375
3150 3.50425
3151 5.425083
3152 2.991292
3153 3.734708
3154 3.641917
3155 3.427792
3156 3.095292
3157 3.534458
3158 2.898625
3159 3.188833
3160 3.709959
3161 2.240791
3162 3.337708
3163 3.566167
3164 3.911084
3165 5.159375
3166 5.191292
3167 4.844375
3168 4.505375
3169 3.52175
3170 2.319333
3171 3.233667
3172 2.143333
3173 2.742291
3174 2.064375
3175 2.764375
3176 2.075625
3177 2.279917
3178 3.68925
3179 2.122125
3180 2.598
3181 2.110292
3182 3.900959
3183 2.34125
3184 4.859292
3185 2.543834
3186 4.306292
3187 2.79575
3188 4.782667
3189 3.624458
3190 2.236625
3191 2.618958
3192 5.646042
3193 2.900375
3194 3.103166
3195 3.988792
3196 4.750083
3197 3.308209
3198 2.296292
3199 3.6495
3200 5.086291
3201 4.006667
3202 4.170667
3203 3.719208
3204 3.688958
3205 3.758666
3206 3.580125
3207 2.275208
3208 5.193791
3209 2.615542
3210 2.227291
3211 3.638458
3212 3.713958
3213 3.166958
3214 3.787125
3215 3.752792
3216 4.037667
3217 3.354791
3218 2.121584
3219 2.179791
3220 2.320916
3221 2.343792
3222 2.231708
3223 2.659208
3224 5.059417
3225 3.629166
3226 4.835333
3227 3.068709
3228 2.841917
3229 3.492375
3230 4.042584
3231 3.539
3232 3.435833
3233 4.523583
3234 2.377458
3235 3.042167
3236 2.438917
3237 2.416583
3238 4.478
3239 3.08675
3240 3.259291
3241 2.647917
3242 4.18025
3243 3.023584
3244 2.324416
3245 3.128708
3246 2.92325
3247 2.411584
3248 2.646084
3249 2.359208
3250 2.222417
3251 3.363375
3252 4.500083
3253 4.522208
3254 4.776875
3255 4.53925
3256 2.264833
3257 2.199417
3258 2.39625
3259 3.840083
3260 3.687
3261 4.169084
3262 5.548625
3263 4.51775
3264 2.396792
3265 2.629542
3266 2.329833
3267 3.620042
3268 3.367041
3269 3.444666
3270 2.153791
3271 2.205625
3272 3.965167
3273 4.440875
3274 3.773417
3275 4.692625
3276 4.839875
3277 4.830166
3278 2.292834
3279 2.581375
3280 3.986375
3281 5.040417
3282 2.191083
3283 3.395292
3284 2.289834
3285 2.523208
3286 4.2375
3287 2.35575
3288 2.313667
3289 2.958708
3290 3.742875
3291 4.021375
3292 2.957667
3293 3.853417
3294 3.800083
3295 2.600334
3296 3.362
3297 4.886375
3298 4.445833
3299 3.382083
3300 3.4115
3301 2.325958
3302 2.904625
3303 4.967083
3304 2.425708
3305 4.077542
3306 3.51175
3307 2.751667
3308 2.268583
3309 5.689
3310 2.953042
3311 2.36275
3312 2.351208
3313 4.056542
3314 20.254125
3315 2.301625
3316 3.223166
3317 3.413375
3318 8.922917
3319 5.041583
3320 5.078458
3321 5.154167
3322 3.483167
3323 3.893292
3324 3.096875
3325 2.446
3326 6.40375
3327 4.457208
3328 3.89575
3329 3.088458
3330 3.000166
3331 3.196792
3332 4.799875
3333 2.995625
3334 4.058875
3335 6.000458
3336 5.154209
3337 3.834458
3338 2.63475
3339 2.308291
3340 2.989
3341 4.390917
3342 5.651333
3343 4.700375
3344 4.08875
3345 3.195791
3346 2.860458
3347 5.182834
3348 5.1795
3349 3.698375
3350 3.861625
3351 2.525625
3352 4.1735
3353 3.290834
3354 4.883459
3355 3.366583
3356 3.458875
3357 3.444958
3358 4.191416
3359 4.166917
3360 3.612542
3361 3.036167
3362 4.431542
3363 2.938375
3364 2.866917
3365 2.876
3366 3.8395
3367 3.73775
3368 5.479875
3369 3.997584
3370 3.302542
3371 3.557333
3372 2.400125
3373 4.339459
3374 3.881083
3375 4.5165
3376 3.957
3377 3.270375
3378 6.151584
3379 4.842667
3380 3.400959
3381 3.116583
3382 5.486333
3383 4.999125
3384 6.945833
3385 3.031625
3386 4.92975
3387 2.542875
3388 3.206666
3389 4.304417
3390 5.100459
3391 4.407834
3392 4.483083
3393 4.500208
3394 3.866916
3395 3.919334
3396 4.601084
3397 3.653625
3398 4.214709
3399 4.101542
3400 3.949334
3401 4.42975
3402 3.585292
3403 3.578542
3404 3.375708
3405 4.163167
3406 4.277083
3407 2.696167
3408 3.389916
3409 4.983875
3410 2.933916
3411 2.863417
3412 3.935083
3413 2.733041
3414 3.106709
3415 3.252875
3416 2.753333
3417 3.947334
3418 2.610791
3419 5.694125
3420 3.208667
3421 3.418833
3422 3.889708
3423 3.988125
3424 4.064458
3425 3.731125
3426 2.630875
3427 4.20525
3428 4.925167
3429 3.297334
3430 3.578041
3431 2.398167
3432 3.081
3433 5.482917
3434 5.332875
3435 7.666292
3436 3.050417
3437 5.895708
3438 8.484583
3439 3.329083
3440 3.79425
3441 4.447
3442 3.633542
3443 4.408208
3444 2.463375
3445 2.505417
3446 2.808583
3447 2.591833
3448 2.917458
3449 2.630042
3450 2.467333
3451 4.454167
3452 2.703083
3453 4.288708
3454 4.539291
3455 3.379167
3456 4.274916
3457 3.727417
3458 2.491916
3459 2.642167
3460 2.561417
3461 2.693334
3462 2.51925
3463 4.018916
3464 2.789125
3465 3.725542
3466 2.509875
3467 4.253
3468 4.693333
3469 4.0505
3470 2.470125
3471 2.489959
3472 3.855792
3473 4.155084
3474 3.777833
3475 5.061875
3476 3.765
3477 4.117375
3478 4.306375
3479 4.374666
3480 2.986917
3481 2.671084
3482 2.811416
3483 3.275709
3484 4.35175
3485 5.757875
3486 2.532917
3487 3.683791
3488 4.412958
3489 4.749333
3490 2.522208
3491 3.999333
3492 4.39625
3493 5.941917
3494 4.283833
3495 2.5865
3496 2.520625
3497 4.977833
3498 3.070458
3499 5.551291
3500 4.686292
3501 3.627042
3502 3.50525
3503 2.675834
3504 2.504
3505 6.131833
3506 4.407375
3507 4.395583
3508 6.697208
3509 4.030458
3510 3.376875
3511 6.646625
3512 4.9335
3513 2.648709
3514 2.507958
3515 3.7425
3516 3.230667
3517 3.47575
3518 2.559208
3519 4.575292
3520 4.128333
3521 2.489833
3522 3.100375
3523 2.531916
3524 2.545167
3525 4.566667
3526 5.234334
3527 5.603542
3528 2.924417
3529 2.693833
3530 4.116458
3531 2.56625
3532 3.231333
3533 2.947833
3534 3.281667
3535 2.532417
3536 2.633792
3537 3.948667
3538 5.268709
3539 5.700584
3540 4.495875
3541 3.46
3542 2.867834
3543 4.460166
3544 4.011541
3545 3.612792
3546 2.633
3547 3.192292
3548 2.600875
3549 2.661458
3550 4.253083
3551 2.683125
3552 2.888792
3553 2.965417
3554 4.561459
3555 2.8685
3556 4.531833
3557 5.475459
3558 4.522542
3559 3.212958
3560 2.668083
3561 4.546417
3562 3.435667
3563 3.463167
3564 3.638292
3565 3.338834
3566 4.41675
3567 2.771833
3568 3.267333
3569 4.340334
3570 2.962333
3571 4.575792
3572 2.750084
3573 2.810541
3574 4.366334
3575 3.893167
3576 5.951042
3577 4.727458
3578 3.4095
3579 4.536417
3580 4.78825
3581 4.118125
3582 2.770708
3583 4.772292
3584 4.042542
3585 4.1395
3586 2.658209
3587 2.661292
3588 2.719583
3589 3.294041
3590 2.703458
3591 2.89
3592 3.481542
3593 2.697584
3594 2.843833
3595 3.496167
3596 3.817291
3597 5.556167
3598 4.315708
3599 2.869875
3600 4.707375
3601 4.663958
3602 3.370667
3603 5.170625
3604 4.574
3605 4.883708
3606 3.444209
3607 5.230042
3608 5.045334
3609 4.259833
3610 2.618459
3611 4.574375
3612 4.084208
3613 4.310792
3614 4.623375
3615 3.356291
3616 2.779625
3617 4.84875
3618 4.052791
3619 2.888417
3620 3.311541
3621 4.310292
3622 4.589917
3623 2.922917
3624 4.483417
3625 5.236417
3626 4.795708
3627 2.838834
3628 2.774625
3629 3.292125
3630 3.774083
3631 3.833667
3632 4.087958
3633 3.049875
3634 4.750791
3635 4.570459
3636 3.832625
3637 3.606292
3638 4.688334
3639 3.044875
3640 3.363834
3641 3.940834
3642 2.96175
3643 5.880209
3644 3.977458
3645 2.819542
3646 4.934334
3647 4.428083
3648 5.832167
3649 3.960458
3650 4.664708
3651 4.442292
3652 3.8355
3653 2.746167
3654 4.645042
3655 4.960958
3656 3.617291
3657 3.310875
3658 4.230583
3659 4.197542
3660 4.714834
3661 5.57375
3662 4.147459
3663 4.069416
3664 5.462958
3665 4.837042
3666 5.02725
3667 4.483166
3668 4.750125
3669 6.053208
3670 5.914583
3671 3.794583
3672 4.249083
3673 4.980375
3674 4.865167
3675 8.036167
3676 4.488708
3677 3.219625
3678 3.839459
3679 3.183083
3680 5.088291
3681 3.425958
3682 5.628959
3683 4.861875
3684 5.957875
3685 3.946916
3686 5.958333
3687 6.120167
3688 3.341292
3689 4.997417
3690 3.813958
3691 3.422417
3692 3.323459
3693 2.834667
3694 4.053542
3695 6.649875
3696 3.411375
3697 9.179
3698 14.9625
3699 7.613834
3700 75.675875
3701 28.447917
3702 30.829083
3703 3.940042
3704 2.908875
3705 4.344208
3706 3.622042
3707 4.942584
3708 4.916125
3709 7.501333
3710 4.881625
3711 5.244583
3712 5.43975
3713 6.513375
3714 2.864542
3715 4.942458
3716 4.911709
3717 4.696458
3718 4.148917
3719 3.562042
3720 3.835
3721 2.823042
3722 4.169292
3723 4.9895
3724 5.104125
3725 4.690375
3726 3.064625
3727 3.419875
3728 5.568417
3729 6.8155
3730 6.414125
3731 3.432459
3732 3.721958
3733 3.021834
3734 4.2
3735 4.165917
3736 5.199708
3737 3.388542
3738 3.538083
3739 2.968417
3740 6.287542
3741 3.441
3742 2.9905
3743 2.862541
3744 5.717084
3745 4.290291
3746 6.630291
3747 3.951708
3748 3.220333
3749 6.84275
3750 4.332292
3751 3.241791
3752 3.384875
3753 2.862125
3754 5.195375
3755 3.011125
3756 2.909
3757 3.060834
3758 6.293958
3759 3.817
3760 3.951334
3761 2.970125
3762 2.919333
3763 5.359
3764 4.173
3765 3.548334
3766 2.929167
3767 4.628459
3768 4.490042
3769 4.62225
3770 5.512125
3771 4.097917
3772 3.065167
3773 5.975792
3774 3.413042
3775 5.644833
3776 5.143958
3777 4.567083
3778 3.698833
3779 4.113334
3780 3.21075
3781 3.436958
3782 3.299292
3783 5.1455
3784 4.823209
3785 3.768208
3786 3.508834
3787 3.001208
3788 2.97575
3789 4.898125
3790 5.073167
3791 3.020667
3792 3.814125
3793 3.446417
3794 3.076875
3795 3.463
3796 3.036209
3797 3.119209
3798 3.756625
3799 6.080417
3800 3.014584
3801 5.326084
3802 5.094917
3803 3.098375
3804 3.053458
3805 4.464042
3806 3.313916
3807 3.679333
3808 2.973209
3809 6.689916
3810 4.067834
3811 5.28625
3812 3.298083
3813 3.105041
3814 3.0515
3815 3.665333
3816 4.035292
3817 3.5845
3818 5.097583
3819 3.411792
3820 3.41175
3821 4.435125
3822 4.427375
3823 4.821916
3824 7.390833
3825 5.925416
3826 3.413459
3827 4.268334
3828 4.458625
3829 4.309375
3830 4.843541
3831 4.8935
3832 5.266375
3833 4.669042
3834 4.953541
3835 3.662458
3836 4.170542
3837 5.686375
3838 4.827917
3839 3.339459
3840 3.348291
3841 4.190083
3842 3.066917
3843 5.044708
3844 3.95925
3845 6.027166
3846 5.178209
3847 4.348208
3848 4.438625
3849 4.505625
3850 4.000792
3851 5.352417
3852 4.194625
3853 3.081667
3854 5.954125
3855 6.659584
3856 5.377459
3857 6.335291
3858 4.022208
3859 6.034959
3860 4.168792
3861 4.993958
3862 3.225
3863 5.481833
3864 3.300708
3865 6.311167
3866 5.506667
3867 5.440667
3868 5.399416
3869 5.411625
3870 5.734375
3871 5.046708
3872 5.134
3873 5.191
3874 3.390709
3875 4.857625
3876 4.032208
3877 4.6225
3878 3.43675
3879 6.344667
3880 5.276458
3881 4.106291
3882 4.942458
3883 5.158
3884 3.54975
3885 3.201416
3886 5.075333
3887 4.452708
3888 3.176375
3889 3.569291
3890 5.063166
3891 4.097625
3892 3.142834
3893 4.446333
3894 4.234125
3895 5.250292
3896 4.111833
3897 4.012584
3898 4.940167
3899 3.124625
3900 5.2105
3901 3.62275
3902 5.216833
3903 5.209708
3904 3.538958
3905 6.991958
3906 7.337208
3907 5.476792
3908 7.031959
3909 4.011292
3910 5.03725
3911 4.570167
3912 4.137875
3913 4.257875
3914 5.628791
3915 7.423209
3916 3.249667
3917 4.140875
3918 4.80875
3919 4.102833
3920 4.130833
3921 3.822375
3922 5.764709
3923 5.949875
3924 3.928042
3925 3.182292
3926 3.777875
3927 5.605833
3928 7.121791
3929 4.946458
3930 4.672958
3931 4.519458
3932 4.8195
3933 3.63675
3934 3.245208
3935 3.316833
3936 3.772458
3937 4.300875
3938 5.727667
3939 4.084208
3940 8.062375
3941 3.666875
3942 4.744458
3943 5.677833
3944 5.448459
3945 6.199959
3946 4.600833
3947 4.520834
3948 5.247375
3949 5.660917
3950 6.157292
3951 6.032542
3952 4.018708
3953 5.314167
3954 4.841083
3955 5.12475
3956 6.601125
3957 5.577125
3958 7.57925
3959 4.01075
3960 4.564917
3961 3.624084
3962 4.234166
3963 6.178625
3964 4.291458
3965 4.620125
3966 6.137958
3967 5.445583
3968 4.17575
3969 4.760209
3970 5.270042
3971 5.427417
3972 3.525958
3973 5.618625
3974 5.727916
3975 4.747708
3976 3.268791
3977 3.452833
3978 3.20275
3979 3.620375
3980 3.589209
3981 3.743125
3982 3.503084
3983 3.414208
3984 3.395708
3985 3.318084
3986 3.356792
3987 3.655583
3988 5.767917
3989 3.972209
3990 5.712875
3991 4.934584
3992 3.45725
3993 5.2405
3994 5.886417
3995 3.326916
3996 5.218416
3997 6.191417
3998 3.436584
3999 3.648333
4000 5.741417
4001 3.323833
4002 3.401958
4003 5.677291
4004 4.721959
4005 3.421084
4006 4.637833
4007 3.310375
4008 4.183416
4009 5.438458
4010 3.982208
4011 4.671833
4012 5.916833
4013 5.869208
4014 4.300167
4015 5.966166
4016 5.952292
4017 5.41875
4018 5.8495
4019 4.240625
4020 6.05175
4021 3.430167
4022 4.823167
4023 4.808875
4024 5.035916
4025 3.444083
4026 5.6565
4027 4.949833
4028 5.867208
4029 5.677334
4030 5.877208
4031 5.676167
4032 3.961542
4033 5.770541
4034 5.836958
4035 3.418875
4036 3.421042
4037 3.406167
4038 5.905583
4039 3.532875
4040 3.431458
4041 3.9215
4042 3.491333
4043 3.397
4044 3.507542
4045 3.593291
4046 3.396833
4047 3.479584
4048 3.729042
4049 3.436917
4050 3.467083
4051 3.964208
4052 3.401958
4053 3.5365
4054 3.533459
4055 3.4295
4056 3.370958
4057 3.406875
4058 4.764875
4059 4.845208
4060 4.772917
4061 4.683583
4062 4.159042
4063 4.710708
4064 5.93775
4065 4.938791
4066 4.955208
4067 4.850167
4068 4.554334
4069 3.361541
4070 3.349333
4071 6.015666
4072 4.070083
4073 3.47675
4074 3.546042
4075 4.399375
4076 6.015334
4077 4.944459
4078 3.467084
4079 3.478458
4080 5.314959
4081 6.02075
4082 3.765
4083 3.564583
4084 3.480417
4085 3.47
4086 3.480333
4087 5.896916
4088 5.155208
4089 7.957791
4090 4.991333
4091 4.968625
4092 5.074333
4093 3.619166
4094 3.563333
4095 3.611166
4096 4.951583
4097 5.253083
4098 3.507959
4099 3.481291
4100 3.6575
4101 3.626667
4102 4.364666
4103 3.639875
4104 3.529042
4105 3.539459
4106 3.445209
4107 3.508292
4108 5.290584
4109 4.943417
4110 4.958875
4111 5.410125
4112 6.1165
4113 4.571459
4114 5.048916
4115 6.119
4116 4.763041
4117 3.534958
4118 3.481792
4119 3.678125
4120 6.058333
4121 6.016959
4122 5.016833
4123 23.886333
4124 5.452084
4125 5.564416
4126 13.017667
4127 5.182042
4128 14.042625
4129 3.81275
4130 3.515791
4131 5.589792
4132 6.202584
4133 4.695667
4134 3.564125
4135 6.066917
4136 6.136208
4137 6.122375
4138 6.184
4139 6.168292
4140 6.030375
4141 3.569958
4142 3.575625
4143 3.547583
4144 4.88975
4145 3.580958
4146 3.643625
4147 6.128792
4148 3.74025
4149 6.244
4150 6.25175
4151 3.577791
4152 3.575792
4153 3.805334
4154 3.874833
4155 4.169875
4156 3.555667
4157 4.753083
4158 3.636625
4159 3.629541
4160 3.641125
4161 4.737584
4162 5.078833
4163 4.544083
4164 3.867208
4165 4.361208
4166 4.333708
4167 7.610833
4168 4.91075
4169 4.250459
4170 5.82275
4171 5.018917
4172 3.777375
4173 7.790792
4174 6.36825
4175 5.058709
4176 5.51525
4177 5.167791
4178 6.039791
4179 6.003208
4180 6.158166
4181 6.602667
4182 4.123375
4183 3.718791
4184 7.178375
4185 3.76575
4186 3.680042
4187 4.75875
4188 5.538792
4189 8.241625
4190 4.536
4191 3.725208
4192 6.516791
4193 4.275792
4194 7.651459
4195 5.468666
4196 4.46175
4197 6.170083
4198 4.946875
4199 3.83175
4200 5.694542
4201 3.760291
4202 5.269667
4203 4.281084
4204 4.508958
4205 6.687542
4206 8.859083
4207 7.825167
4208 4.187916
4209 5.167208
4210 6.458625
4211 5.5375
4212 4.124584
4213 4.667209
4214 4.206708
4215 3.780791
4216 3.782834
4217 3.699417
4218 6.382
4219 4.983875
4220 3.698958
4221 3.790625
4222 6.363708
4223 3.703292
4224 3.706125
4225 3.917625
4226 3.676542
4227 6.3425
4228 6.283375
4229 6.433625
4230 5.131542
4231 3.784958
4232 3.70825
4233 3.944292
4234 3.704125
4235 4.444417
4236 6.3415
4237 5.983333
4238 5.293042
4239 5.594584
4240 6.39975
4241 6.552542
4242 4.895792
4243 3.726834
4244 4.005166
4245 5.288875
4246 5.079708
4247 3.747125
4248 3.832959
4249 6.570625
4250 6.494833
4251 5.436666
4252 5.327041
4253 3.728583
4254 3.842958
4255 3.812958
4256 4.474916
4257 5.357625
4258 5.468458
4259 3.727125
4260 6.403667
4261 3.841666
4262 3.757583
4263 5.105666
4264 6.487125
4265 5.808958
4266 3.746958
4267 3.868042
4268 6.649208
4269 6.577
4270 5.328583
4271 5.42375
4272 5.305042
4273 4.715375
4274 4.392042
4275 3.757042
4276 5.402292
4277 5.843667
4278 3.7635
4279 5.643375
4280 5.021792
4281 3.800667
4282 6.616917
4283 5.957584
4284 5.410042
4285 5.500625
4286 5.381542
4287 4.207667
4288 3.822
4289 5.125792
4290 3.801875
4291 4.253666
4292 4.007125
4293 4.045041
4294 5.412958
4295 5.508958
4296 5.566958
4297 3.885667
4298 3.781375
4299 3.8815
4300 3.9965
4301 4.393458
4302 5.484708
4303 5.078042
4304 4.055625
4305 5.795709
4306 5.447625
4307 5.581125
4308 6.325458
4309 5.259625
4310 5.046375
4311 5.724041
4312 6.592333
4313 4.298208
4314 4.277167
4315 9.350083
4316 6.398
4317 6.893958
4318 4.981625
4319 4.079875
4320 4.574375
4321 6.5115
4322 6.423
4323 6.679375
4324 6.846
4325 6.089916
4326 3.990958
4327 3.955666
4328 3.956
4329 3.914291
4330 4.485375
4331 3.897583
4332 3.899667
4333 6.069583
4334 6.81825
4335 3.951792
4336 3.894167
4337 5.489167
4338 3.881125
4339 3.950167
4340 3.881833
4341 3.944666
4342 4.011542
4343 6.086875
4344 4.817209
4345 3.908125
4346 3.8965
4347 4.004959
4348 3.889959
4349 5.875
4350 6.664917
4351 5.551208
4352 5.878666
4353 5.387875
4354 6.68925
4355 4.673583
4356 4.171708
4357 4.760958
4358 6.989542
4359 5.646208
4360 4.0085
4361 4.02525
4362 4.207083
4363 4.330125
4364 4.06625
4365 3.999542
4366 3.941041
4367 5.760417
4368 5.658875
4369 5.716291
4370 4.441708
4371 3.953084
4372 5.713875
4373 6.104541
4374 6.598917
4375 4.332708
4376 3.972458
4377 4.73975
4378 4.008292
4379 3.971791
4380 3.932041
4381 4.124583
4382 4.530458
4383 4.025375
4384 4.245208
4385 6.445125
4386 5.734834
4387 5.750583
4388 6.955958
4389 4.038042
4390 4.152791
4391 4.318625
4392 4.240041
4393 3.949083
4394 4.12975
4395 3.969166
4396 4.146291
4397 4.050917
4398 3.982292
4399 4.002042
4400 6.367917
4401 4.255209
4402 7.166083
4403 5.612083
4404 6.065875
4405 7.001334
4406 6.221042
4407 5.744416
4408 5.387958
4409 5.30575
4410 4.935833
4411 6.941417
4412 5.347875
4413 5.6425
4414 5.153958
4415 4.046125
4416 4.325583
4417 4.083875
4418 3.986542
4419 4.259042
4420 4.254125
4421 5.392958
4422 4.05125
4423 4.599666
4424 4.155292
4425 6.484709
4426 5.526833
4427 4.069667
4428 4.022666
4429 4.022166
4430 5.923792
4431 5.755875
4432 7.097083
4433 5.188375
4434 4.064084
4435 4.700459
4436 6.583
4437 7.136292
4438 5.839625
4439 5.821833
4440 5.515166
4441 4.137708
4442 4.117542
4443 4.011167
4444 4.001791
4445 5.384875
4446 5.842875
4447 6.623459
4448 6.55475
4449 5.455125
4450 4.302666
4451 4.113208
4452 6.002458
4453 6.105
4454 4.125833
4455 4.061417
4456 4.156583
4457 4.15875
4458 6.672042
4459 5.932208
4460 6.319125
4461 6.725291
4462 4.243208
4463 4.150667
4464 4.174459
4465 4.12375
4466 4.049709
4467 4.106458
4468 4.385125
4469 4.251791
4470 4.111542
4471 7.188792
4472 6.658042
4473 4.095083
4474 4.137833
4475 5.909959
4476 5.428375
4477 7.186125
4478 6.801375
4479 5.918958
4480 5.921708
4481 4.583416
4482 5.860583
4483 5.813417
4484 4.315958
4485 4.219791
4486 4.106667
4487 4.219333
4488 4.447458
4489 4.15125
4490 4.203709
4491 4.114542
4492 6.7395
4493 5.867333
4494 6.492791
4495 7.2525
4496 5.495625
4497 5.7955
4498 7.020541
4499 6.965
4500 5.237209
4501 6.13075
4502 7.164541
4503 4.663292
4504 4.303084
4505 5.918791
4506 4.265875
4507 4.1925
4508 5.450917
4509 6.056125
4510 4.180792
4511 4.167083
4512 6.580583
4513 7.395666
4514 6.769458
4515 6.059125
4516 6.207583
4517 7.101458
4518 4.221209
4519 4.247583
4520 4.427792
4521 4.456375
4522 5.189292
4523 4.264792
4524 7.30475
4525 6.4955
4526 4.757792
4527 4.8435
4528 4.325917
4529 4.375375
4530 4.291167
4531 5.874916
4532 5.888375
4533 4.287834
4534 4.285959
4535 4.165666
4536 4.274417
4537 4.418625
4538 4.166541
4539 5.600208
4540 7.465459
4541 4.344417
4542 4.436625
4543 7.292208
4544 6.213917
4545 6.099958
4546 5.336166
4547 4.239458
4548 4.812459
4549 4.216208
4550 5.134875
4551 6.114166
4552 7.008042
4553 4.736875
4554 4.332291
4555 4.3385
4556 4.487333
4557 7.86725
4558 6.676291
4559 6.110459
4560 6.709541
4561 7.52575
4562 5.233917
4563 4.354791
4564 4.620792
4565 4.437958
4566 4.520041
4567 6.314375
4568 5.016167
4569 6.176833
4570 6.114208
4571 7.587958
4572 5.643708
4573 6.1645
4574 5.868833
4575 4.294083
4576 4.574625
4577 7.445208
4578 7.253167
4579 6.156416
4580 4.493292
4581 5.998959
4582 4.802875
4583 4.48175
4584 7.504166
4585 6.194417
4586 6.454917
4587 6.241
4588 6.954541
4589 7.622625
4590 6.194917
4591 4.311792
4592 4.322709
4593 4.616458
4594 5.331708
4595 4.909375
4596 4.364834
4597 6.329625
4598 7.980666
4599 4.404458
4600 4.573917
4601 7.568792
4602 6.222917
4603 6.263791
4604 6.368916
4605 6.360875
4606 6.892417
4607 7.623333
4608 4.567333
4609 4.418625
4610 7.633333
4611 5.607042
4612 4.396625
4613 5.544209
4614 7.052041
4615 4.442083
4616 6.066625
4617 6.082375
4618 7.79
4619 5.373875
4620 4.504084
4621 6.018375
4622 6.4815
4623 5.317
4624 7.439459
4625 6.817
4626 6.122417
4627 6.282375
4628 6.591166
4629 4.640125
4630 5.040042
4631 4.870167
4632 5.356541
4633 6.842167
4634 5.902167
4635 4.508083
4636 9.335209
4637 7.295584
4638 4.708208
4639 5.560667
4640 7.880375
4641 5.887625
4642 6.863834
4643 6.674333
4644 7.418625
4645 6.076708
4646 6.405208
4647 4.472792
4648 5.382584
4649 7.46625
4650 6.425125
4651 7.81225
4652 6.021917
4653 4.458208
4654 7.116125
4655 4.531959
4656 4.884708
4657 4.500084
4658 5.12475
4659 5.030375
4660 6.850959
4661 4.764
4662 4.733833
4663 7.92475
4664 5.737625
4665 6.1625
4666 7.911958
4667 7.392416
4668 4.567625
4669 4.672916
4670 4.659791
4671 4.535417
4672 4.488666
4673 7.655833
4674 8.009834
4675 5.629333
4676 7.967417
4677 4.676458
4678 4.504917
4679 6.319459
4680 7.319417
4681 7.702667
4682 5.193
4683 4.705375
4684 5.161
4685 4.494542
4686 4.563542
4687 4.450625
4688 5.276708
4689 4.452542
4690 4.604833
4691 6.810709
4692 5.825958
4693 4.702375
4694 4.581708
4695 7.988334
4696 5.365166
4697 4.580084
4698 5.996417
4699 7.309959
4700 7.562917
4701 6.306917
4702 4.81425
4703 5.430042
4704 4.930875
4705 6.6155
4706 5.208
4707 8.182209
4708 6.148042
4709 6.809208
4710 7.43825
4711 6.998791
4712 7.322375
4713 6.707542
4714 6.563458
4715 5.848042
4716 6.447167
4717 4.713125
4718 6.299292
4719 6.391042
4720 6.63925
4721 6.148792
4722 8.178625
4723 8.298917
4724 5.758708
4725 7.408333
4726 5.818417
4727 6.001791
4728 5.062584
4729 5.777
4730 6.163791
4731 7.246584
4732 8.238583
4733 8.115042
4734 8.1
4735 5.447166
4736 4.677959
4737 5.3565
4738 7.706875
4739 8.69725
4740 4.706458
4741 4.562791
4742 6.052041
4743 5.72175
4744 4.66125
4745 5.5425
4746 6.435291
4747 8.220083
4748 7.761666
4749 5.80475
4750 6.293041
4751 5.557792
4752 6.436291
4753 4.87975
4754 6.125083
4755 5.339708
4756 5.05275
4757 5.929667
4758 6.698833
4759 7.538917
4760 6.938667
4761 7.838
4762 7.379625
4763 4.776083
4764 4.622833
4765 5.123917
4766 6.17425
4767 5.85875
4768 7.039917
4769 7.241334
4770 5.933125
4771 7.694458
4772 7.683083
4773 7.329708
4774 6.647834
4775 7.501292
4776 8.446292
4777 8.541708
4778 6.858459
4779 6.031875
4780 7.979375
4781 6.979792
4782 4.763167
4783 7.822833
4784 7.126375
4785 7.98075
4786 7.030167
4787 7.806417
4788 6.006042
4789 6.314709
4790 8.396667
4791 6.81
4792 6.953667
4793 7.913041
4794 7.105542
4795 4.765209
4796 7.877958
4797 6.608542
4798 5.77725
4799 5.401625
4800 5.268459
4801 4.99925
4802 4.977709
4803 4.816375
4804 8.751792
4805 5.48
4806 5.727708
4807 8.523167
4808 8.310833
4809 6.889542
4810 6.39375
4811 6.200125
4812 5.999792
4813 8.709208
4814 7.302
4815 6.9235
4816 6.794333
4817 5.072875
4818 8.07275
4819 5.083084
4820 5.053208
4821 8.57425
4822 6.451083
4823 6.441166
4824 7.896334
4825 7.799833
4826 4.785334
4827 7.779208
4828 8.554583
4829 5.341375
4830 4.885
4831 6.614
4832 7.395458
4833 7.853334
4834 4.847666
4835 4.931333
4836 8.468542
4837 5.54525
4838 4.948416
4839 6.878542
4840 6.150208
4841 6.859375
4842 7.1975
4843 7.654292
4844 7.094875
4845 6.877875
4846 5.334625
4847 6.939375
4848 7.559792
4849 6.144667
4850 6.500625
4851 5.835334
4852 8.229584
4853 4.89175
4854 6.337125
4855 4.942167
4856 6.019333
4857 5.022166
4858 7.399959
4859 8.005
4860 5.002084
4861 4.886
4862 8.410834
4863 6.268292
4864 5.72475
4865 4.880208
4866 8.494
4867 8.592875
4868 7.812917
4869 6.989208
4870 5.3125
4871 4.890042
4872 8.352
4873 4.825833
4874 4.945041
4875 5.034375
4876 8.573334
4877 6.675917
4878 4.946084
4879 5.520917
4880 7.132208
4881 8.534875
4882 7.34275
4883 7.125375
4884 6.378834
4885 9.67975
4886 8.515708
4887 4.919416
4888 5.566334
4889 8.643375
4890 8.261542
4891 5.030333
4892 6.748333
4893 5.413667
4894 4.926708
4895 5.044625
4896 8.039709
4897 5.816875
4898 4.931667
4899 8.185958
4900 8.053709
4901 4.961708
4902 6.897083
4903 7.21
4904 5.100833
4905 4.984958
4906 8.686041
4907 5.638333
4908 5.295167
4909 6.887958
4910 6.135375
4911 8.546917
4912 5.253667
4913 5.089875
4914 7.988084
4915 8.312875
4916 7.184542
4917 7.964125
4918 8.330333
4919 7.070542
4920 5.842459
4921 9.116042
4922 6.149917
4923 7.520375
4924 7.312042
4925 4.980958
4926 6.332083
4927 8.134167
4928 5.115875
4929 5.014459
4930 7.1615
4931 5.610625
4932 5.310542
4933 5.000042
4934 5.1345
4935 5.098417
4936 5.282541
4937 7.85975
4938 8.587667
4939 5.006541
4940 5.283625
4941 8.73875
4942 5.292917
4943 5.216666
4944 7.836625
4945 5.575958
4946 5.134458
4947 8.468125
4948 7.431125
4949 7.225542
4950 7.158
4951 8.271084
4952 8.344333
4953 7.278042
4954 6.076042
4955 5.700459
4956 5.890875
4957 6.74425
4958 6.361042
4959 5.362084
4960 5.261875
4961 5.054041
4962 8.359209
4963 7.194208
4964 5.7755
4965 6.357208
4966 8.729292
4967 7.209792
4968 5.954959
4969 5.119292
4970 5.4155
4971 5.670125
4972 8.528625
4973 7.234917
4974 7.4265
4975 6.566458
4976 8.941583
4977 7.733708
4978 7.203375
4979 8.628958
4980 7.332042
4981 5.137542
4982 5.007042
4983 6.791833
4984 7.626709
4985 6.748125
4986 5.311583
4987 5.447459
4988 6.157292
4989 7.457709
4990 7.975625
4991 7.101375
4992 7.432583
4993 6.772708
4994 6.884791
4995 9.094542
4996 5.701625
4997 10.531417
4998 9.227292
4999 7.026875
5000 5.227333
5001 14.692042
5002 11.305959
5003 5.559
5004 5.542917
5005 9.712042
5006 6.4815
5007 7.362417
5008 5.3965
5009 8.06025
5010 9.755416
5011 6.697167
5012 24.966917
5013 8.345458
5014 6.384709
5015 7.113167
5016 6.849458
5017 5.680292
5018 42.208916
5019 9.74375
5020 6.445667
5021 7.954209
5022 16.434292
5023 9.466375
5024 8.742125
5025 5.516625
5026 11.156041
5027 9.687208
5028 5.913208
5029 6.441083
5030 8.7235
5031 8.53825
5032 8.00025
5033 8.948292
5034 9.732209
5035 10.351291
5036 9.0175
5037 10.829292
5038 9.096959
5039 9.275166
5040 8.318667
5041 12.386959
5042 8.151583
5043 10.075625
5044 7.547542
5045 9.89125
5046 8.6975
5047 6.376959
5048 6.608583
5049 5.535542
5050 6.488083
5051 11.0625
5052 5.264458
5053 7.774292
5054 10.277584
5055 10.278208
5056 56.282666
5057 6.7695
5058 7.48275
5059 7.481
5060 16.8425
5061 15.780666
5062 7.494083
5063 9.2145
5064 7.582625
5065 9.587708
5066 19.54325
5067 8.842
5068 6.527708
5069 12.072
5070 7.4925
5071 8.116625
5072 7.975167
5073 8.353125
5074 6.698625
5075 8.804625
5076 9.493583
5077 9.1715
5078 9.879333
5079 7.408125
5080 9.811333
5081 8.439291
5082 9.47125
5083 9.860417
5084 9.62625
5085 9.719125
5086 6.713084
5087 6.091292
5088 8.906917
5089 7.908875
5090 8.551
5091 8.451583
5092 7.448084
5093 9.346959
5094 10.416667
5095 8.691625
5096 7.780083
5097 8.867917
5098 10.039041
5099 8.126125
5100 7.511834
5101 7.347917
5102 7.583917
5103 8.735375
5104 8.320958
5105 7.729708
5106 7.800916
5107 7.323959
5108 7.4465
5109 7.311042
5110 6.03225
5111 7.839625
5112 9.950291
5113 7.737708
5114 6.93475
5115 8.087625
5116 8.71475
5117 8.432708
5118 6.278375
5119 7.739333
5120 12.286083
5121 9.063875
5122 8.289125
5123 8.126875
5124 7.795666
5125 7.311334
5126 6.729209
5127 5.585333
5128 9.255084
5129 5.7535
5130 9.27075
5131 8.91975
5132 7.7505
5133 8.48675
5134 6.637833
5135 9.969125
5136 7.237125
5137 7.248542
5138 9.285417
5139 7.099542
5140 8.145833
5141 7.328792
5142 6.150208
5143 5.547666
5144 9.2735
5145 8.268416
5146 6.821083
5147 7.720875
5148 6.112958
5149 8.842542
5150 7.526875
5151 8.418084
5152 9.788584
5153 8.976584
5154 6.412125
5155 5.758875
5156 7.627416
5157 6.804583
5158 5.731584
5159 9.172375
5160 9.268875
5161 9.542333
5162 6.924834
5163 7.642375
5164 7.405416
5165 9.721292
5166 9.641125
5167 9.576875
5168 9.065583
5169 5.54275
5170 7.338541
5171 9.705834
5172 9.63225
5173 9.745875
5174 5.771125
5175 5.691667
5176 8.378458
5177 7.24
5178 9.687959
5179 7.441042
5180 8.316584
5181 9.760083
5182 9.576625
5183 9.724042
5184 6.13975
5185 7.1305
5186 8.461541
5187 6.779125
5188 7.432708
5189 6.384666
5190 6.724916
5191 7.38125
5192 6.976458
5193 9.780708
5194 9.656583
5195 6.234542
5196 7.403542
5197 9.36875
5198 9.709375
5199 7.186208
5200 7.82525
5201 6.979458
5202 6.023708
5203 9.964416
5204 9.420042
5205 8.226292
5206 11.608666
5207 10.496542
5208 10.33725
5209 7.699833
5210 9.501166
5211 5.69975
5212 9.294209
5213 9.589375
5214 7.760958
5215 8.53025
5216 9.7555
5217 8.812167
5218 7.954916
5219 9.370708
5220 7.464875
5221 9.708625
5222 8.320459
5223 8.450375
5224 6.423667
5225 6.618083
5226 9.716666
5227 9.834125
5228 6.226084
5229 8.008583
5230 9.50325
5231 8.852041
5232 8.109125
5233 7.908458
5234 8.585833
5235 6.290542
5236 8.683791
5237 8.762417
5238 6.202291
5239 6.2425
5240 6.466958
5241 9.829459
5242 7.685584
5243 6.172042
5244 6.684834
5245 7.689292
5246 7.519
5247 7.516667
5248 8.046792
5249 6.4505
5250 8.373083
5251 9.73975
5252 5.930167
5253 6.093
5254 7.072042
5255 6.999334
5256 7.656791
5257 7.224542
5258 8.429083
5259 5.802333
5260 6.9765
5261 6.609833
5262 10.482542
5263 7.685625
5264 6.937375
5265 9.479542
5266 10.511333
5267 7.837625
5268 9.414292
5269 8.991375
5270 9.027625
5271 10.386042
5272 8.398458
5273 6.103875
5274 8.637792
5275 8.1035
5276 9.059916
5277 11.030291
5278 8.346
5279 9.657
5280 11.528417
5281 9.167
5282 8.462333
5283 8.6435
5284 14.569417
5285 14.511458
5286 21.194541
5287 16.121958
5288 10.073625
5289 8.002292
5290 5.77275
5291 10.036333
5292 5.850125
5293 6.333458
5294 5.787792
5295 7.902833
5296 6.572875
5297 8.612208
5298 7.772667
5299 7.022458
5300 9.331709
5301 7.408625
5302 7.080042
5303 6.174167
5304 5.777167
5305 5.845125
5306 5.719625
5307 9.202417
5308 6.590834
5309 6.510916
5310 5.794459
5311 9.68525
5312 10.21425
5313 7.629834
5314 8.7565
5315 8.31475
5316 10.002792
5317 10.051709
5318 10.34675
5319 6.289042
5320 5.81675
5321 5.984666
5322 5.826083
5323 10.111916
5324 10.254708
5325 10.269834
5326 5.7055
5327 5.885542
5328 6.745458
5329 10.159916
5330 9.744792
5331 8.334292
5332 8.513584
5333 9.585833
5334 5.972417
5335 7.112417
5336 9.115
5337 6.901791
5338 6.423416
5339 9.02525
5340 9.925625
5341 6.496125
5342 6.5625
5343 6.088458
5344 5.865792
5345 7.850792
5346 8.718083
5347 5.936959
5348 5.986208
5349 6.129459
5350 8.326417
5351 10.098959
5352 8.60775
5353 8.911708
5354 10.095167
5355 8.541208
5356 8.336791
5357 8.393125
5358 8.601292
5359 10.080375
5360 8.846208
5361 8.418083
5362 7.472458
5363 7.357209
5364 6.103417
5365 8.1445
5366 8.211917
5367 7.919875
5368 8.879916
5369 6.09725
5370 8.254958
5371 6.575
5372 10.642583
5373 10.130417
5374 9.128667
5375 6.588041
5376 10.036833
5377 7.087333
5378 7.20675
5379 5.971125
5380 9.6275
5381 6.412834
5382 8.938625
5383 6.151458
5384 8.126417
5385 6.05175
5386 5.928709
5387 6.000833
5388 5.994
5389 8.391958
5390 6.371459
5391 10.406167
5392 6.084625
5393 6.286542
5394 6.187042
5395 6.51975
5396 6.783
5397 10.474208
5398 8.571167
5399 6.270416
5400 10.51375
5401 7.882
5402 5.975375
5403 8.942709
5404 6.846375
5405 6.03875
5406 6.092042
5407 6.139333
5408 7.158625
5409 8.307625
5410 6.4065
5411 8.067791
5412 7.697708
5413 6.035208
5414 9.647458
5415 9.026833
5416 7.235458
5417 8.75425
5418 6.857208
5419 8.665958
5420 6.514
5421 6.074042
5422 6.053458
5423 6.152125
5424 6.428417
5425 9.481959
5426 9.060542
5427 9.474917
5428 10.926667
5429 8.708459
5430 10.179083
5431 6.411084
5432 7.400333
5433 10.50875
5434 8.895084
5435 9.063458
5436 7.628125
5437 8.124791
5438 7.673958
5439 6.547417
5440 6.411375
5441 6.455
5442 13.642708
5443 9.524416
5444 7.1105
5445 6.400416
5446 7.340583
5447 6.403792
5448 9.647916
5449 7.873667
5450 6.71625
5451 9.014833
5452 6.803417
5453 11.017083
5454 9.090166
5455 8.20075
5456 6.726084
5457 7.266625
5458 6.329583
5459 7.822917
5460 7.434792
5461 10.94225
5462 8.689
5463 6.169709
5464 10.755459
5465 6.222875
5466 8.860042
5467 10.722125
5468 6.201667
5469 7.682041
5470 8.552667
5471 6.253708
5472 6.251458
5473 7.932208
5474 6.348167
5475 8.746292
5476 6.270292
5477 9.213416
5478 9.366209
5479 10.23025
5480 9.641542
5481 6.264291
5482 7.511709
5483 9.172875
5484 6.398
5485 8.190625
5486 7.049458
5487 8.070667
5488 6.878208
5489 6.425458
5490 6.344583
5491 9.572417
5492 7.029375
5493 6.33475
5494 6.22
5495 6.335167
5496 6.257792
5497 9.4845
5498 8.901375
5499 8.734375
5500 6.301208
5501 9.710084
5502 8.96025
5503 10.954667
5504 9.014458
5505 10.381
5506 9.8565
5507 9.641542
5508 8.575667
5509 6.559417
5510 10.07175
5511 9.766834
5512 7.31725
5513 9.115208
5514 6.55675
5515 7.462958
5516 7.964334
5517 6.849792
5518 10.349417
5519 13.611417
5520 11.209208
5521 10.0565
5522 8.932875
5523 11.052541
5524 10.997041
5525 9.013542
5526 10.106417
5527 6.552167
5528 8.104709
5529 8.024875
5530 6.90875
5531 6.282083
5532 6.749917
5533 6.286292
5534 6.35825
5535 6.360875
5536 6.347916
5537 10.773667
5538 10.983125
5539 9.488834
5540 8.245791
5541 9.690291
5542 7.360333
5543 6.645916
5544 7.620291
5545 9.600458
5546 8.472459
5547 6.36875
5548 9.1875
5549 8.324
5550 6.45775
5551 10.8075
5552 12.068042
5553 10.198917
5554 9.300334
5555 7.579291
5556 8.941541
5557 10.466792
5558 7.646167
5559 9.381167
5560 8.139375
5561 7.091125
5562 6.760542
5563 10.682584
5564 8.57525
5565 9.736667
5566 13.730625
5567 9.7115
5568 6.936375
5569 12.227792
5570 7.069416
5571 8.253875
5572 10.879958
5573 8.798666
5574 9.664875
5575 11.261
5576 6.517125
5577 6.405791
5578 8.889416
5579 6.560083
5580 6.348667
5581 8.479708
5582 7.799084
5583 7.623542
5584 10.217666
5585 7.4975
5586 6.449375
5587 6.524708
5588 6.98925
5589 8.626
5590 6.814125
5591 8.442416
5592 7.173917
5593 10.226084
5594 8.85075
5595 7.064792
5596 7.515125
5597 7.986541
5598 9.005583
5599 8.302917
5600 6.929583
5601 6.963833
5602 7.066667
5603 8.3155
5604 10.088542
5605 10.745291
5606 7.721917
5607 11.6645
5608 6.489083
5609 6.377083
5610 11.009083
5611 10.584542
5612 6.570458
5613 7.982041
5614 10.038834
5615 6.465042
5616 6.843541
5617 8.006375
5618 11.538708
5619 9.799959
5620 10.492958
5621 6.629625
5622 7.961834
5623 6.712833
5624 6.84775
5625 6.90775
5626 6.862875
5627 6.5845
5628 10.870708
5629 7.791458
5630 10.613125
5631 9.680625
5632 8.10075
5633 7.364625
5634 8.638375
5635 10.523
5636 9.270792
5637 8.305916
5638 11.20725
5639 8.083292
5640 8.1665
5641 6.549417
5642 8.103625
5643 11.52475
5644 6.8925
5645 6.585208
5646 8.643709
5647 6.67975
5648 9.134666
5649 6.808833
5650 6.685542
5651 6.8915
5652 10.596417
5653 6.859458
5654 11.159
5655 7.526334
5656 7.048041
5657 10.674959
5658 9.959584
5659 10.661125
5660 9.808958
5661 11.80275
5662 13.210417
5663 8.403917
5664 11.145792
5665 25.127291
5666 13.54325
5667 6.919959
5668 7.428375
5669 6.64275
5670 7.566083
5671 11.713625
5672 9.921208
5673 11.5155
5674 10.861125
5675 6.581334
5676 6.709417
5677 7.810042
5678 9.4205
5679 6.74325
5680 10.718125
5681 6.532625
5682 6.880791
5683 7.925041
5684 11.585167
5685 11.147584
5686 6.605166
5687 9.62525
5688 11.635875
5689 8.654583
5690 8.953791
5691 11.051
5692 9.663125
5693 9.718916
5694 7.107875
5695 9.897459
5696 11.0915
5697 7.333167
5698 7.89525
5699 8.460042
5700 11.067584
5701 9.9365
5702 11.331083
5703 8.917375
5704 12.205041
5705 9.419834
5706 10.695333
5707 10.334834
5708 7.772125
5709 13.814042
5710 7.071708
5711 6.91775
5712 6.959042
5713 11.847125
5714 10.410042
5715 11.251833
5716 12.622125
5717 7.724791
5718 7.1065
5719 8.851125
5720 11.6825
5721 6.800958
5722 7.701291
5723 10.448709
5724 11.711791
5725 9.4415
5726 9.654833
5727 6.760875
5728 8.111
5729 6.902542
5730 11.200709
5731 10.434041
5732 6.970542
5733 11.205416
5734 12.13675
5735 10.618416
5736 7.109083
5737 8.061083
5738 8.808792
5739 9.929791
5740 6.748042
5741 10.892042
5742 9.172125
5743 7.037417
5744 7.396208
5745 10.198584
5746 8.395833
5747 9.839083
5748 6.842292
5749 10.939417
5750 9.792917
5751 7.161541
5752 9.674792
5753 9.811542
5754 11.045417
5755 13.276083
5756 7.637375
5757 8.2065
5758 9.348708
5759 9.624583
5760 11.116167
5761 6.929959
5762 7.12625
5763 6.9595
5764 11.979709
5765 7.069916
5766 7.545625
5767 8.023125
5768 7.016209
5769 9.996125
5770 10.248416
5771 11.506959
5772 6.8115
5773 10.726917
5774 7.655
5775 7.121416
5776 10.083
5777 6.97725
5778 8.205416
5779 7.294333
5780 7.0435
5781 6.947458
5782 7.192209
5783 10.744417
5784 7.0295
5785 7.799292
5786 7.312
5787 6.853167
5788 7.132708
5789 9.437875
5790 8.555583
5791 8.5255
5792 9.828625
5793 11.80925
5794 8.118458
5795 8.112167
5796 10.960666
5797 9.988208
5798 8.697583
5799 7.494459
5800 10.525625
5801 10.82425
5802 10.53975
5803 7.970041
5804 8.481458
5805 12.04425
5806 10.268833
5807 9.79825
5808 6.912916
5809 7.7765
5810 8.2485
5811 9.812416
5812 11.201334
5813 10.292667
5814 9.418375
5815 10.640375
5816 8.782292
5817 9.723167
5818 13.216958
5819 12.160208
5820 8.391708
5821 8.152875
5822 10.731
5823 9.253875
5824 7.743
5825 12.148292
5826 7.080375
5827 7.927083
5828 8.463833
5829 9.6785
5830 10.439541
5831 13.087583
5832 10.525708
5833 11.061583
5834 11.653292
5835 13.916583
5836 22.13075
5837 8.046208
5838 12.280208
5839 11.414
5840 7.063583
5841 11.3595
5842 7.24275
5843 7.261208
5844 7.177167
5845 7.353959
5846 7.52325
5847 7.3625
5848 8.483584
5849 12.234334
5850 10.037666
5851 7.537833
5852 10.2595
5853 7.875625
5854 9.945708
5855 10.832833
5856 9.930916
5857 8.039792
5858 11.3855
5859 8.827708
5860 12.150125
5861 10.87925
5862 7.784166
5863 10.531417
5864 8.518625
5865 8.606875
5866 7.46125
5867 11.598792
5868 9.39275
5869 11.731084
5870 7.41475
5871 9.007209
5872 7.275625
5873 7.602042
5874 7.411584
5875 9.771792
5876 12.387375
5877 11.069292
5878 7.572
5879 8.998791
5880 7.312125
5881 7.188958
5882 7.108459
5883 7.221708
5884 10.724334
5885 7.185083
5886 7.20775
5887 7.332958
5888 11.028042
5889 8.682875
5890 10.49575
5891 7.206708
5892 9.618333
5893 11.885709
5894 10.44775
5895 7.989458
5896 10.304209
5897 8.092625
5898 7.384042
5899 7.103083
5900 7.293208
5901 11.84975
5902 10.568416
5903 10.731708
5904 7.20925
5905 10.704
5906 7.893333
5907 11.066042
5908 7.098125
5909 7.735458
5910 7.644125
5911 8.673125
5912 9.987166
5913 12.48175
5914 10.298333
5915 8.275084
5916 11.394125
5917 9.2245
5918 7.221458
5919 10.391666
5920 7.482
5921 7.509375
5922 8.615583
5923 11.300416
5924 9.464375
5925 8.952
5926 11.966
5927 8.234292
5928 8.820125
5929 7.314708
5930 7.427959
5931 7.182292
5932 7.607333
5933 7.282917
5934 8.820916
5935 9.697791
5936 8.007625
5937 7.128
5938 12.342584
5939 11.082125
5940 7.322917
5941 10.195834
5942 11.926458
5943 7.242459
5944 9.846208
5945 9.593709
5946 11.403791
5947 10.57225
5948 8.968667
5949 7.389625
5950 10.617708
5951 7.438667
5952 7.813291
5953 7.351958
5954 7.574083
5955 11.229792
5956 7.452333
5957 7.613417
5958 7.410542
5959 7.393333
5960 7.378792
5961 10.839375
5962 8.055042
5963 9.08475
5964 7.34625
5965 10.14625
5966 9.095916
5967 7.6705
5968 7.445584
5969 7.490834
5970 11.002709
5971 7.91275
5972 7.492041
5973 9.030667
5974 7.732125
5975 9.019791
5976 7.528
5977 11.699834
5978 11.641125
5979 11.744375
5980 9.022583
5981 7.40025
5982 9.137583
5983 7.3975
5984 9.797333
5985 11.863625
5986 9.664125
5987 7.460375
5988 10.670083
5989 12.425958
5990 7.630959
5991 8.358791
5992 8.581875
5993 9.027459
5994 12.647166
5995 7.292417
5996 7.355416
5997 9.96825
5998 7.569208
5999 8.195959
6000 7.624625
6001 9.282
6002 10.802375
6003 8.742583
6004 11.186459
6005 7.84425
6006 9.11375
6007 9.951375
6008 7.896584
6009 9.154709
6010 8.936875
6011 12.474792
6012 10.639458
6013 10.738542
6014 7.603792
6015 11.562708
6016 8.105167
6017 10.463125
6018 11.747625
6019 9.728042
6020 9.586667
6021 13.888958
6022 11.385125
6023 12.056583
6024 7.598
6025 11.522625
6026 12.21625
6027 7.600375
6028 12.181875
6029 13.03675
6030 11.967875
6031 7.428333
6032 7.602333
6033 8.168625
6034 7.637083
6035 7.548209
6036 7.642834
6037 10.977208
6038 11.333
6039 12.573583
6040 10.805417
6041 7.926875
6042 7.991334
6043 8.087209
6044 7.680334
6045 7.55175
6046 8.348
6047 8.265625
6048 8.716583
6049 8.634417
6050 9.532166
6051 8.48375
6052 10.677625
6053 7.91075
6054 7.557458
6055 11.914208
6056 7.891666
6057 7.77125
6058 12.103625
6059 7.473583
6060 11.496083
6061 9.301166
6062 7.764125
6063 7.552708
6064 7.884792
6065 7.788125
6066 7.709125
6067 9.406625
6068 7.563375
6069 7.948083
6070 12.868542
6071 7.793084
6072 10.943958
6073 12.053667
6074 10.669375
6075 12.978083
6076 8.441375
6077 11.557708
6078 9.255459
6079 10.78625
6080 9.411292
6081 13.560209
6082 9.303875
6083 7.817333
6084 8.694916
6085 10.723042
6086 10.732833
6087 8.933541
6088 13.044125
6089 11.481125
6090 10.087209
6091 13.600583
6092 12.180375
6093 8.139292
6094 12.547542
6095 7.801875
6096 12.379833
6097 7.775917
6098 7.731208
6099 10.490917
6100 12.667542
6101 7.636
6102 11.653834
6103 12.232
6104 9.620834
6105 13.455458
6106 9.009875
6107 7.705291
6108 7.891084
6109 7.854125
6110 7.621666
6111 7.934083
6112 11.930541
6113 7.749042
6114 10.644583
6115 8.071083
6116 11.116916
6117 11.626959
6118 9.369208
6119 11.790333
6120 10.066083
6121 10.250458
6122 42.377458
6123 11.785042
6124 8.716667
6125 10.522167
6126 9.498125
6127 13.009833
6128 7.69775
6129 13.672333
6130 8.687
6131 12.1375
6132 7.831625
6133 11.906042
6134 12.900792
6135 10.286625
6136 10.033334
6137 12.366916
6138 10.422167
6139 15.501333
6140 14.42675
6141 9.791667
6142 10.765833
6143 9.334833
6144 11.890042
6145 8.274834
6146 7.951834
6147 11.948042
6148 12.878125
6149 9.439542
6150 13.240667
6151 8.1185
6152 10.715417
6153 8.089583
6154 9.396708
6155 10.506042
6156 9.152334
6157 10.035625
6158 9.828583
6159 11.501625
6160 13.973667
6161 11.287666
6162 10.454125
6163 9.191875
6164 10.4695
6165 10.640042
6166 10.319333
6167 11.142333
6168 8.109625
6169 9.79275
6170 8.16
6171 8.618584
6172 9.118417
6173 12.059875
6174 10.399042
6175 10.3815
6176 9.363208
6177 8.644375
6178 12.739292
6179 11.186916
6180 13.398167
6181 13.442208
6182 10.024
6183 11.685875
6184 9.585125
6185 13.623292
6186 8.448375
6187 11.252209
6188 11.274125
6189 13.150042
6190 10.595833
6191 10.61525
6192 11.207625
6193 12.628417
6194 11.927917
6195 13.034167
6196 8.244667
6197 10.286333
6198 11.337709
6199 9.160209
6200 11.730583
6201 10.357833
6202 9.26
6203 11.588584
6204 8.608333
6205 11.766625
6206 14.859417
6207 13.096958
6208 10.933125
6209 13.080375
6210 10.683125
6211 8.150083
6212 11.100834
6213 13.777875
6214 8.561625
6215 10.788
6216 9.552792
6217 10.155667
6218 8.518167
6219 13.322917
6220 9.483542
6221 8.123875
6222 8.994291
6223 8.526666
6224 8.835209
6225 10.472459
6226 10.660083
6227 13.329542
6228 8.076292
6229 8.406958
6230 12.060042
6231 8.341708
6232 8.144542
6233 10.022583
6234 8.280875
6235 8.628458
6236 13.522958
6237 9.701916
6238 7.949
6239 9.724
6240 11.855916
6241 8.5685
6242 10.854208
6243 12.345041
6244 12.745833
6245 11.856709
6246 9.062625
6247 8.612916
6248 12.8885
6249 8.169583
6250 13.589666
6251 8.058209
6252 8.32475
6253 16.433042
6254 11.494292
6255 11.50975
6256 7.987125
6257 11.809875
6258 9.639292
6259 8.129917
6260 11.45675
6261 11.471125
6262 8.039625
6263 8.379416
6264 11.446625
6265 8.715
6266 8.242834
6267 10.178708
6268 9.426458
6269 11.539291
6270 11.626875
6271 7.99125
6272 8.282291
6273 10.397583
6274 13.6245
6275 8.022792
6276 9.028084
6277 8.700167
6278 13.047041
6279 11.30225
6280 8.15125
6281 9.039208
6282 8.352875
6283 8.486042
6284 8.496375
6285 10.219333
6286 13.180417
6287 8.179625
6288 13.740041
6289 9.843
6290 8.252708
6291 9.147041
6292 11.536042
6293 10.016333
6294 12.131209
6295 8.429834
6296 8.394834
6297 8.0435
6298 8.516584
6299 12.158958
6300 11.769542
6301 12.53375
6302 8.41375
6303 11.8015
6304 11.738375
6305 11.328333
6306 9.37325
6307 14.170458
6308 10.742125
6309 11.865167
6310 10.039541
6311 10.870292
6312 8.190792
6313 12.410916
6314 9.728625
6315 12.562708
6316 14.478417
6317 13.456042
